1.049907012290882818e-01 5.647443126738880270e-01 -7.400971139670501353e-01 2.383974847172077305e-01
1.552229403296522259e-01 3.370044956616109921e+00 -4.575298170054871161e-01 2.992454802824765503e-01
9.232462790797248131e-02 1.985495198470791145e+00 -6.391700614205447772e-01 1.370843983050657466e-01
3.465876509241150316e-02 1.160911374532702212e+00 -5.972797383271817306e-01 2.472495958088981871e-01
7.560823219919250715e-02 6.920089350685152407e-01 -3.602288337080774006e-01 8.498845817588882023e-02
2.698162624248866270e-02 3.420057644531953489e+00 -7.590693371325015759e-01 1.632370217004107671e-01
1.579620644780090899e-01 3.389033165600037201e+00 -4.788453700630959098e-01 2.656541698699932952e-01
7.690551397731557048e-02 2.471729868006359077e+00 -7.589984005412777623e-01 2.668127369089605683e-01
1.492153170562811326e-02 3.327321402448761845e+00 -4.620468459684161644e-01 3.299785534386016073e-01
6.099185968746895226e-02 5.179585944983065016e-01 -1.347066220533290615e-01 2.277764163753934201e-01
6.894738805150474326e-02 1.107900360663629957e+00 -3.672544619701187951e-01 1.084204404618361872e-01
1.516314931660356358e-01 3.223192098686748608e+00 -5.483680314079594220e-01 1.755294764478042557e-01
1.567439118306943602e-01 2.156993689119099500e+00 -6.712749277312340945e-01 1.244651183308730646e-01
1.535970956385337149e-01 3.406102712174611469e+00 -7.372822448531171080e-01 3.764765556209392905e-01
6.135198809958927052e-02 1.837454399677011185e+00 -9.400381286401682246e-01 5.649975032319706769e-02
1.287443336141758654e-01 2.579186974219966899e+00 -3.007733814191795307e-01 2.131606856598066146e-01
4.091114288118152809e-02 3.721697226094333733e+00 -6.673302066344297678e-01 4.380109455181516731e-01
9.736988334679125279e-02 3.167638071360650009e+00 -4.131489467303351981e-01 3.749715119077707270e-01
1.580683781007171662e-01 2.397522837119366645e+00 -3.859212075047099288e-01 4.487633218845738514e-01
1.021308875382149484e-01 2.955527467052197821e+00 -3.439754346499647175e-01 3.624510204147374792e-01
1.323173707103812990e-01 1.794610051206057211e+00 -5.156266181360260603e-01 2.059003947306556059e-01
1.133852053251283715e-01 4.015666299088806568e+00 -8.624907898038128851e-01 1.303811386087658231e-01
1.158940601612471755e-01 2.882882352111757474e+00 -6.847032735181315388e-01 3.251330571455404717e-02
1.046169282321103983e-01 2.583138128287438384e+00 -4.513834465676826446e-01 3.754271424144984826e-01
8.893906541433874158e-02 1.624916328869807192e+00 -4.199225617549273704e-01 3.321456518742947339e-01
1.015895020523924497e-01 3.216993924215251877e+00 -2.743740527256900430e-01 4.739581519373269325e-01
1.245581452462302119e-01 2.399347247853396592e+00 -4.130838344607763446e-01 4.725439550895316199e-01
7.539668309241363831e-02 2.598272728227092543e+00 -6.584735404432217054e-01 2.105007065366444330e-01
6.759834126238964402e-02 3.069823040639919398e+00 -1.397314134140110187e-01 1.222957741230432382e-01
7.141204817879275024e-02 3.817464376474243970e+00 -7.534845343351908031e-01 1.534031055038770353e-01
8.005045577263236734e-02 3.719196019318323554e+00 -2.721690546406870803e-01 2.244424431762180594e-01
6.489512964380328430e-02 5.751645670771006191e-01 -3.667063341287226663e-01 1.153082274031418109e-01
1.302247168875070304e-01 2.151538185256641977e+00 -4.487811978805182345e-01 4.265608092677101171e-01
1.040234863436395596e-01 1.423310857083849079e+00 -4.160154849208155259e-01 4.926425363543720515e-01
1.451284151382347676e-01 1.704192865946751567e+00 -2.024028569926114018e-01 4.843497516661339208e-01
4.543512016600629450e-02 1.792073547717372595e+00 -4.421304001214089174e-01 5.946220471797344920e-02
2.060635896282778101e-02 9.164221009561550613e-01 -1.125640597191918113e-01 1.528264608816999326e-01
1.117997677234720821e-02 3.399059699990577776e+00 -3.454349963693089109e-01 4.507349363196548886e-01
1.037657826609042627e-01 7.808167709815112545e-01 -6.504962371592197812e-01 3.505656795122644720e-01
1.180905529130436421e-01 3.102237631466023160e+00 -5.627407148755150246e-01 3.477869959514770515e-02
1.497046675754735712e-01 8.412486872115618741e-01 -1.798332431425221367e-01 1.121369237162169186e-01
6.181038269387104794e-02 5.299027538779517155e-01 -6.336502679978669450e-01 1.233682990438657034e-01
6.352226560724098803e-02 1.322443539833689563e+00 -2.990246178254631904e-01 4.925675396833072428e-01
6.726573716035980088e-02 2.306434941671420269e+00 -5.585115851755948491e-01 3.867813111635813872e-01
1.490125267931597941e-01 1.472921473206548759e+00 -3.597876383232033737e-01 2.049338013749696097e-01
1.047621610560488387e-01 3.980605303854001242e-01 -6.685815181993752798e-01 1.757824449686632429e-01
1.139984477044980737e-01 1.403424172149684512e+00 -6.116798445004674178e-01 4.419865451953775559e-01
2.000759480745170626e-02 2.606076597651793225e+00 -8.100688226605381459e-01 1.760757623153006990e-01
1.264069392243235279e-01 4.343879621456563367e-01 -3.620032228025659160e-01 4.642314701647222708e-01
5.664954304568946969e-02 2.029880924653945762e+00 -2.908135673516804021e-01 3.737478710473870480e-01
8.899516133021946607e-02 1.213601059289817874e+00 -9.227697452043659432e-01 3.501044281547266435e-02
6.186625873861262281e-02 2.575948551805456344e+00 -2.602135698366700445e-01 7.214218269425429209e-02
1.075598969489826168e-01 3.483418214525216605e+00 -7.725050704821733172e-01 4.632466231929880385e-01
4.375665295855813569e-02 2.172536407141480996e+00 -3.322812092132041428e-01 9.051234893323953368e-02
1.282387144495579778e-01 1.698820735327943865e+00 -5.615068975711564603e-01 1.920870684414446306e-01
4.397782098082923113e-02 3.797904812551445630e+00 -4.954905642416399525e-01 2.810641195014708660e-01
1.082757551009161240e-01 5.095216569777816229e-01 -1.861147535779558160e-01 1.732612561400799500e-01
1.498768456708323149e-01 2.983154087309315194e+00 -4.658664839216660747e-01 3.108121012614538103e-01
1.598694337435047630e-01 1.561508160989683258e+00 -2.144894266053963272e-01 7.412712117074085616e-02
9.178178460320458865e-02 2.273832915318319436e+00 -4.117047797497958017e-01 1.335450995987186307e-01
1.327607233754672378e-01 3.030836693756199018e+00 -5.980226696328476699e-01 3.522219024443213886e-01
9.563104261826081698e-02 1.484312114667915683e+00 -4.974163078888321210e-01 3.454778091643548876e-01
8.414034799931804920e-02 3.651992303121335937e+00 -8.117956376156475473e-01 3.555070552623246227e-01
8.360727384741808987e-02 2.970897092203568235e-01 -2.067918289370307972e-01 1.135774405367356021e-01
2.131716622491645896e-02 1.016848405564894087e+00 -2.498296949875375983e-01 2.035441267443149904e-01
1.288173228002053583e-01 3.492416968273143851e+00 -3.348790207473498204e-01 2.336458431808188796e-01
7.209837081316765317e-02 3.687793734554143832e+00 -7.755634977300811528e-01 4.451102858027654596e-01
6.446301075859468821e-02 5.499780225758674757e-01 -3.391783709180272721e-01 3.202313377726112020e-01
1.488339561221150575e-01 2.958889525637963036e+00 -1.037624848536083944e-01 4.273701307683603901e-01
1.328824809372927407e-01 2.915488565516396235e+00 -4.749556401336389455e-01 6.289625969848880449e-02
6.325070345223302026e-02 3.235831510808392153e+00 -5.784975498272706407e-01 1.476426364698245897e-01
1.396057277793243401e-01 3.539615612258808497e+00 -3.825248487858412538e-01 2.732681350419628452e-01
1.376883001455725397e-01 1.548433193274817432e+00 -7.752174963270643815e-01 1.819291340270864088e-01
3.928326628308232565e-02 3.176006765073836391e+00 -4.369422478818908440e-01 2.097872027698127195e-01
1.942232514128773568e-02 8.029730486938639888e-01 -1.870256791343258840e-01 1.657188499805264392e-01
9.357442317067320159e-02 3.565093046143532618e+00 -3.093878323544230202e-01 2.543147029832703576e-01
9.795652330614665337e-02 1.719510510065473730e+00 -4.976317630766061706e-01 1.733993096653659305e-01
4.063797492432828090e-02 6.208361277039793347e-01 -2.021825269203733622e-01 2.501656627743091277e-01
2.293296572861246163e-02 2.891891581979094905e+00 -1.961141800421113413e-01 2.008833158410871234e-01
1.501110131916427448e-01 1.731331672991688775e+00 -7.206412544284636068e-01 4.965578317175504686e-01
4.651926400877460371e-02 1.032786108832373095e+00 -7.675815991836860697e-01 5.913797747665344717e-02
1.576808145498255209e-01 2.273847020238174199e+00 -7.710243853570415418e-01 4.084590771809586407e-01
7.076643055009487759e-02 2.841853463183310780e+00 -6.259112114701528284e-01 4.816897968713017564e-01
1.039501161573759408e-01 1.087420567773597080e+00 -1.199104678019489723e-01 1.778408442307158888e-01
7.420525122886723057e-02 3.983172956329022796e+00 -4.798345945863004003e-01 3.625749162455191299e-01
1.007117050027761529e-02 3.873591669490000555e+00 -1.192790317658042887e-01 2.475862312551206645e-01
1.071272971099929139e-01 2.675892200193427772e+00 -8.975796695692217497e-01 3.949000045216263244e-01
3.762508305919196050e-02 2.787287013412548919e+00 -7.964145415478631751e-01 7.655070497542879049e-02
1.164160708901321728e-01 3.864068874909773577e+00 -7.285911292852313981e-01 3.264509215279763898e-01
2.100115944531150136e-02 1.739866239479094689e+00 -3.698695457686976829e-01 8.840362179331376358e-02
1.411445892143329828e-01 3.054565027105646813e+00 -7.134091139471017140e-01 2.624140866902292535e-01
1.236084878625156314e-01 2.710804983994358874e+00 -3.116422960434480083e-01 1.261801355451541706e-01
6.764011271151726401e-02 2.899522621820857626e+00 -1.455325622357759863e-01 9.203872923481420942e-02
1.221648650754729171e-01 3.823832929918740575e+00 -5.698552648705699220e-01 1.339416490250661673e-01
8.137398318761566995e-02 2.663839122052440889e+00 -5.223077309055480510e-01 3.898463079808534015e-02
5.052237377488489473e-02 3.613591292419903844e+00 -2.822823980349613016e-01 4.217680921683472639e-01
1.332165935193596606e-01 2.647688597821534096e+00 -7.656511487511132863e-01 1.792051973731758618e-01
1.823204750399617935e-02 3.739142412699814955e+00 -5.981019332239227992e-01 5.043482031098759366e-01
1.456525710411692986e-01 3.775244441017186592e+00 -6.514525919683715749e-01 4.624232197598090455e-01
1.417423767012246927e-01 1.804381077845719883e+00 -5.375851055207847562e-01 2.727891095097447760e-01
3.217959126391214258e-02 8.829216399589774333e-01 -3.557938485799473360e-01 6.903288871707319307e-02
1.597255289282145108e-01 3.054853649915241220e-01 -6.014705841406359221e-01 2.765919092667997736e-01
1.326668259199911271e-01 3.697474962508349172e+00 -5.912965118357249583e-01 1.327589584087013330e-01
1.125506595009717892e-01 3.418877501428172927e+00 -5.610527493181313163e-01 2.483945589535480614e-01
1.390816300549436446e-01 2.862578220453571909e+00 -6.739466816956021233e-01 3.244212760933437023e-01
7.892105819259374877e-02 3.623407735737408153e+00 -8.865168172708619565e-01 2.412174184369761110e-01
6.402166003201591182e-02 2.237874006884631228e+00 -6.128541547489273489e-01 3.737836415320493488e-01
1.523341949395523587e-01 5.652495606158129959e-01 -3.460712375196279833e-01 1.784593580159872239e-01
1.361439689751791360e-01 2.466432660336280058e+00 -2.235169487622227780e-01 2.736273929884716627e-01
1.519444302864882967e-01 2.019418986988320341e+00 -3.842546900601926385e-01 1.478241059092268439e-01
1.243321738132016491e-01 3.801012610940938341e+00 -1.941196034572696960e-01 4.143574452087092075e-01
6.223893084582366592e-02 2.585129526228611585e+00 -3.789753030314749749e-01 1.179038555128478771e-01
3.529263148236092690e-02 2.170112814220963582e+00 -4.026505127050610255e-01 2.529279980286273655e-01
1.458818700371505295e-01 3.812198502654974064e+00 -8.278120141258078490e-01 4.667375787465230519e-02
9.884333352998413147e-02 2.002692776654066975e+00 -2.160215425860220195e-01 3.948506092442259918e-01
6.559133405795183891e-02 3.881624801415112458e+00 -8.908076273476810414e-01 2.941445695800112281e-01
2.616669633554430385e-02 7.609257602899381911e-01 -5.738054391279802102e-01 2.224380375400727694e-01
8.039641440989253596e-02 7.735625445719360727e-01 -6.032410304715450922e-01 1.598811781340752081e-01
3.395101530227354752e-02 1.589926948928874983e+00 -7.809202546148670265e-01 2.019596943749464024e-01
7.697767128770038880e-02 3.000620541989599932e+00 -1.632800926543767628e-01 2.883910191431753312e-01
5.549274651245630907e-02 1.318920293187663795e+00 -4.160456936775708825e-01 4.761345459352809284e-01
1.133268715743740856e-01 2.342474601316536287e+00 -4.196142741780131136e-01 2.924329135375108857e-01
1.478768799185918859e-01 2.610723794180559221e+00 -5.269384323628376610e-01 4.094587422227037865e-01
1.256260786988430411e-01 7.208634368272506254e-01 -3.307686776840103038e-01 1.803638158432104843e-01
8.917703221863723662e-02 1.449294761780909990e+00 -1.495731263580977743e-01 1.207162273332809399e-01
8.195098257672224495e-02 3.907873498041315230e+00 -4.635078927879833222e-01 1.525094841028277193e-01
2.734066245849204463e-02 9.208062476666447616e-01 -5.683572888661303502e-01 1.274274674256059003e-01
5.654413677802944127e-02 3.187353574432108427e+00 -6.145063599945388422e-01 1.831952464913768619e-01
1.140340364778361371e-01 3.271312003071624730e-01 -7.919880804062298107e-01 4.566504565381701575e-01
5.477414035497002454e-02 1.071256440708772795e+00 -8.502616605396144944e-01 3.992004635283555314e-02
4.066494030852233627e-02 1.380693434796891772e+00 -2.313392068217672293e-01 2.061633172771648592e-01
3.123987448948826323e-02 3.104436996743493715e+00 -6.412205403221460376e-01 4.577564477135159793e-01
6.609862625680877624e-02 2.011768084992882955e+00 -4.712371388086925017e-01 3.832307205820296714e-01
1.141559783592925315e-01 3.565719332834980104e-01 -6.309346909407189674e-01 1.821648613714131892e-01
4.012629546552497900e-02 1.671515040393052320e+00 -1.835515173915637233e-01 1.723062075077661792e-01
6.672249519161253806e-02 1.378490903463760020e+00 -6.661483930892809768e-01 3.756030815053393868e-01
7.584543193018447593e-02 5.471069489923947593e-01 -5.464200770018329267e-01 4.449247169124983525e-01
3.131903687868971969e-02 2.350069342798099647e+00 -5.081279738654322919e-01 3.326544379048442246e-01
1.228193045627313518e-01 9.468007084094129944e-01 -1.337326060335739530e-01 4.854063912440733097e-01
1.290530527232302549e-01 2.281346359380270972e+00 -3.944824066487603309e-01 5.483899666415717467e-02
1.115121827060916171e-01 2.285745534849937588e+00 -7.636629524091098631e-01 5.396188535360371685e-02
9.074655039993079209e-02 2.175721971996900095e+00 -6.476201422717817735e-01 4.968853285272769593e-01
1.086984125870557455e-01 2.512408709320544720e+00 -4.060853153001313665e-01 1.017323805145717852e-01
6.481474707924955725e-02 2.382986949813891364e+00 -1.324341986510741420e-01 3.503270900008573774e-01
3.425821418514234107e-02 2.932726244125893889e+00 -3.203197162595581293e-01 2.341065672030487321e-01
9.160313685853106735e-02 2.020991395381853017e+00 -4.279083400343495214e-01 3.408921564316506059e-01
1.548182362350252195e-01 2.251964049593467188e+00 -8.514814608948564345e-01 3.743592171342685626e-01
1.266426524990518221e-01 3.729675882096570305e+00 -7.896790443656986902e-01 3.510352971933294874e-02
1.190218164833447001e-01 5.174443262986472281e-01 -6.496111681827225759e-01 3.377922662283545097e-01
9.219563395179011800e-02 1.482667645313670901e+00 -4.067159371705982851e-01 2.597953068328977544e-01
1.479444012478406678e-01 1.508703978199713802e+00 -1.170156792360534381e-01 3.312366518285662087e-01
1.466711804859245905e-01 1.464016929463874295e+00 -4.950608195934209088e-01 3.759023695531333864e-01
6.420844671215175659e-02 1.175351742934991783e+00 -1.093449785577370048e-01 3.546193681727116687e-01
7.949410153416433533e-02 3.672839091330682315e+00 -1.450792974379462863e-01 1.860224620383322813e-01
7.512209581020630467e-02 3.717848538236960820e+00 -5.561552186003622111e-01 3.349927651451620192e-01
1.353939425139491781e-01 2.980088562387686046e+00 -1.183186792845445923e-01 7.812445977268103747e-02
4.718630690407560335e-02 1.366111401280653670e+00 -3.726653574000466929e-01 4.794298629640271758e-01
5.336037576021323420e-02 3.349590621395825973e+00 -5.654306154995734079e-01 4.159984922636192906e-01
1.469634011569220522e-01 1.659619441832083542e+00 -8.817708810015190135e-01 2.340872066006367269e-01
1.123920630337299498e-01 2.323444179857160119e+00 -7.059172888181109995e-01 2.552368113683584627e-01
1.590591269508576655e-01 6.411221023859809964e-01 -2.463586350896546096e-01 2.026146221388957502e-01
1.600792263038463004e-01 1.676789483137607117e+00 -6.696690935280711354e-01 3.556283034064242066e-01
1.502297594468623432e-01 3.359943194124261900e+00 -8.738867037044373287e-01 3.046227935378837959e-01
1.473588249552049978e-01 3.294226626261744784e+00 -1.651172381420379365e-01 1.705003343863557286e-01
1.272403631537140090e-01 1.295829640160690577e+00 -5.442582316739654757e-01 5.105414150470771739e-02
2.532823924643703983e-02 2.034172010468026315e+00 -6.088202937930883296e-01 1.110738307953743620e-01
1.361901530421263384e-01 2.312154789791795118e+00 -8.332591612607884723e-01 2.734760808140256350e-01
6.638760642376616283e-02 2.760659489343606054e+00 -7.763706587684102711e-01 3.690287681004771891e-01
1.123478174013901043e-01 6.125397079074454965e-01 -1.756766874567614600e-01 2.161091434892237206e-01
1.349726252937624715e-01 1.794819721411510471e+00 -6.602415519522194520e-01 3.100254208535957456e-01
1.097503372052296422e-01 2.224644438122202583e+00 -4.406751139551883245e-01 4.459694824450557982e-01
1.543107917602493384e-01 2.580832096169871637e+00 -6.876761862101018474e-01 2.466485887387117604e-01
1.168868863178737505e-01 1.055816592198955517e+00 -3.659781498178082959e-01 2.516009356807406006e-01
2.065724415651457035e-02 2.159665041858974011e+00 -6.173703433881945202e-01 1.343779488020343804e-01
1.303194349572362742e-01 1.831700288952584632e+00 -5.225700507471037204e-01 3.795045577329277942e-01
1.471785276455475633e-01 2.320728002404843782e+00 -6.943100873558083475e-01 1.552810002190036509e-01
8.555355148631103857e-02 3.449761601528885890e+00 -7.826791282989509213e-01 4.037602173860969090e-01
9.109173302134652983e-02 1.642823074740221267e+00 -5.877970986082672322e-01 2.614621452788272737e-01
4.052274894774655911e-02 1.760896199200441048e+00 -6.933094251977864886e-01 2.552329372897929605e-01
4.532246444582590378e-02 3.922674810001172574e+00 -8.672884613524489694e-01 3.215023895513703378e-01
1.388209188280572215e-01 3.577739642212140581e+00 -8.431758866523201279e-01 1.546224812525678061e-01
1.566242748383687988e-02 3.505820507206561132e+00 -2.883045591981320266e-01 3.073989173617940884e-01
2.115753805075139271e-02 1.339620801344762135e+00 -4.655536431950484388e-01 4.884771588524242647e-01
9.423528015493487509e-02 1.910525045651851661e+00 -5.255279565140604792e-01 2.886108241081180026e-01
1.376906840067049498e-01 3.666759221332175578e+00 -4.097364481837881822e-01 1.718829128736949208e-01
3.691405121383198318e-02 3.423780568597948992e+00 -8.383416910760902452e-01 2.851944138157205821e-02
1.595479448948328716e-01 8.282799596770871187e-01 -8.453959415317786608e-01 3.862637057609293878e-01
1.573911935607320567e-01 2.852865596818471072e+00 -4.530483570305896546e-01 4.468579849343517485e-01
2.856910630481490632e-02 1.543968535829413735e+00 -7.674539532740657366e-01 1.644200986757488603e-01
1.286605285909713237e-01 3.083002601600433046e+00 -2.614302454651950547e-01 8.668575398942038324e-02
1.367440647468042836e-01 6.937922643761360586e-01 -7.414171556845734479e-01 3.300622526295534653e-01
1.246524025657504142e-01 2.188882775957863291e+00 -3.871044602980889815e-01 4.241138698872924939e-01
9.774565653144015598e-02 3.974734088912779573e+00 -1.658327492060280295e-01 2.680072944679245950e-01
1.464502695901827023e-01 1.911595521886706228e+00 -8.077205954506765373e-01 3.041994854727061992e-02
1.339057156334900467e-01 1.851550477909552184e+00 -6.928926788457878683e-01 1.862803229161962837e-01
1.417111002304642375e-01 2.957943795136821041e+00 -6.267521929137624959e-01 4.577683480165810059e-01
6.894188906502421443e-02 3.735127888965360743e+00 -7.193991356154273431e-01 3.383201517526783775e-01
2.923722156402442512e-02 2.650208155489541362e+00 -4.460353129350621004e-01 1.324214637906735714e-01
1.566658505295401294e-01 1.233102295763466749e+00 -6.782865115408319712e-01 4.551673602787180695e-01
1.885136110928140041e-02 3.039140016207897865e+00 -7.384466846019637210e-01 1.839198384657445007e-01
1.101186106503374146e-01 3.009423415037993266e+00 -5.049571460551590674e-01 1.218336350240485644e-01
4.176171695085383051e-02 3.637879919262115180e+00 -2.953037691383845198e-01 4.318110663560749130e-01
1.491549305435564410e-01 1.911369956640747381e+00 -1.085265889172984943e-01 3.824502440991920937e-01
1.332303540801887953e-01 3.833554149976086123e+00 -4.248880187621980054e-01 2.321055122543151383e-01
5.922558005696212241e-02 1.396980456279079741e+00 -8.940551281504725001e-01 1.394084764149156885e-01
1.130161728740182031e-01 9.120027968517385730e-01 -4.330407809744747927e-01 4.385701308463485493e-02
9.631913399086190763e-02 1.134373153024819336e+00 -7.317556137456708854e-01 6.832549380884156420e-02
3.032236757595301729e-02 3.048360778648589342e+00 -3.046808825098188955e-01 4.745620300828232718e-01
4.755331657415823310e-02 2.162869873539301935e+00 -1.911681911866093264e-01 5.120027704866003671e-02
1.095040549841781868e-01 2.723366276929008567e+00 -1.201625346678151796e-01 2.757125430526430887e-01
1.207115280565057430e-01 2.660873089704063332e+00 -6.400072237377453233e-01 8.256152992638240984e-02
4.662968723134391924e-02 3.152839326694937050e+00 -7.527871889035729902e-01 1.285281895320266043e-01
7.959163726032413011e-02 2.599654641925582599e+00 -1.173323448782960243e-01 3.995075370891190136e-01
9.988991049831798252e-02 7.394284093390399715e-01 -5.596241768891395685e-01 1.204707114725823147e-01
4.763148415169189687e-02 3.475743260534652102e+00 -9.017076439484272843e-01 3.733154419741351315e-01
1.303055593178695792e-01 2.674069369965649923e+00 -7.689747109959730320e-01 2.970762112865820703e-01
9.530795862372094807e-02 2.115199447648973941e+00 -6.244848573072440123e-01 4.159781122236592688e-01
1.082253712594519468e-01 1.582948172831304845e+00 -2.655483113536671880e-01 1.818604384091152548e-01
3.623500912032455445e-02 3.125038268716298084e+00 -5.070913878513950701e-01 3.867561745135482121e-01
1.275939647456836301e-01 2.104211115180714575e+00 -1.827042372083036992e-01 3.244411132416877841e-01
5.277844122796477438e-02 1.297155510705145343e+00 -1.150991688253467649e-01 3.105478791779826553e-01
1.599745732310577373e-01 2.115232347934667079e+00 -1.165214606553797161e-01 2.535921041005265719e-01
3.213944580121939898e-02 1.811191840789357244e+00 -7.242289435268113307e-01 4.365185614366308142e-01
2.619498322439023363e-02 1.444855605119888864e+00 -4.908048355691090880e-01 2.067760605277363661e-01
1.365868279552758802e-01 2.594052056840628229e+00 -2.527276929867132149e-01 9.737898206085632280e-02
1.289628037583839815e-01 3.917368019232320808e+00 -8.026775889661944552e-01 6.674873807358527866e-02
9.436741860812955518e-02 2.549812322127690045e+00 -4.308939155179468128e-01 2.715707333094591891e-01
1.427411997514320408e-01 2.163406957662204366e+00 -3.072385947022436836e-01 2.964423498484872188e-02
1.384213923930679435e-01 3.924429819570184552e+00 -3.173126523569880231e-01 3.185629204690004768e-01
9.470583981619599967e-02 5.033849030999948404e-01 -8.580171876489650629e-01 1.055826318976448019e-01
1.968359648278249219e-02 3.144004346021504581e+00 -2.165865424798619765e-01 4.897083159835615152e-01
7.786215668877298490e-02 6.016859192451706750e-01 -4.260120510715185715e-01 6.854625717079793068e-02
1.577315460571883932e-01 1.776463512721025317e+00 -1.721688907502725852e-01 3.525664351244275352e-01
8.723718763535988352e-02 2.222030505797004007e+00 -4.767074655278657480e-01 3.608303136921434118e-01
1.143100652655494875e-01 6.133106687530900381e-01 -7.710274001217046758e-01 1.758624540500809408e-01
9.446832571527669087e-02 3.916282628069827076e+00 -7.580964251110136054e-01 2.742610036942092488e-01
1.943951742097560498e-02 3.886505697303242357e+00 -4.299847085872290919e-01 3.366509898335209860e-02
2.602385298822579990e-02 1.711928650558570908e+00 -4.423840925620153297e-01 3.326135464524317409e-01
5.841027466622292219e-02 2.676421974042698881e+00 -1.242626591918878920e-01 8.179494080054708349e-02
1.079295334689745339e-01 1.037951624349605639e+00 -1.058647603358800482e-01 2.212723167438304939e-01
3.527384689633950021e-02 2.377174039559302177e+00 -1.912569929883094488e-01 8.179129483876224072e-02
1.064747040334597383e-02 1.599824951018039787e+00 -3.838014560907168637e-01 9.783144821432973592e-02
1.402815584702535034e-01 1.726035989774602486e+00 -1.088020014114913780e-01 5.404452234449405590e-02
4.689581337972598823e-02 2.641826195568817148e+00 -2.646301275761570593e-01 4.907819644238170520e-01
1.184785171996187159e-01 3.952233208715059565e+00 -6.841138317119197509e-01 8.471099289960559720e-02
8.607457467870309464e-02 9.776276152738097025e-01 -5.741807749825266205e-01 6.238656237389789139e-02
7.724449983505253525e-02 7.812915256350991822e-01 -5.960755253510360285e-01 4.713018530293411334e-02
5.285880688450223658e-02 5.770200533084783867e-01 -8.628261583277954117e-01 3.955591212475992879e-01
1.181089463838549125e-01 1.182970571247049740e+00 -1.995890598369302604e-01 4.086640021213769347e-01
3.661323110776410622e-02 1.967007391731989463e+00 -6.821372557549281179e-01 3.137489960086877194e-01
6.065699187886829102e-02 1.979336528080860580e+00 -3.889449941110237341e-01 7.298831710241729387e-02
6.835112120445788197e-02 3.511295646277121207e+00 -3.155983353695947513e-01 2.781676133307568466e-01
1.225172330423768968e-01 1.873638370620953619e+00 -1.106322311359674293e-01 3.319317081653959667e-01
1.017961864930831267e-01 1.231443011725361192e+00 -4.109480541993309477e-01 3.544151505812493941e-01
1.252974579059518700e-01 3.453453296938106654e+00 -7.665629308892976113e-01 1.776443598956103931e-01
1.566009278523997350e-01 2.302896650255014777e+00 -3.148472067952043929e-01 1.351457122352209272e-01
1.390959136007902108e-01 1.263430987872594002e+00 -4.323668394570148177e-01 3.116910028357072759e-01
8.439244552370009367e-02 1.184559587099756062e+00 -6.345681400503215830e-01 3.240287606173508084e-01
5.406827298141087673e-02 3.494824120825102298e+00 -1.603029766526749555e-01 2.446249906964121368e-01
1.250535468843094744e-01 2.687817307559594582e+00 -2.520076530684265959e-01 3.737355461976917814e-01
3.880586455944547847e-02 3.431210967646150412e+00 -7.861124624410629202e-01 4.891997929977861537e-01
4.188191343913458958e-02 2.942541202101433218e+00 -4.145294466239424214e-01 4.944800586864940839e-01
4.726676167741947904e-02 1.037455823244707753e+00 -7.225437833120832432e-01 7.921640685688541295e-02
7.821915174066230991e-02 6.203201956600428169e-01 -4.917340205896140737e-01 2.035654888629104819e-01
1.610475656453067006e-01 3.025555189583551741e+00 -1.911960376976119536e-01 5.958451027276040479e-02
6.155937560396000652e-02 1.535353528689239910e+00 -4.058717100132755995e-01 1.007219956521302473e-01
1.148498682998864151e-01 3.956683510170934781e+00 -2.429178033692850347e-01 2.304924935355191773e-01
5.872797981719760085e-02 3.229972250515394272e+00 -1.656596263748376652e-01 3.301293450056714818e-01
4.521911552089342284e-02 1.588049271943215768e+00 -6.909619734716420103e-01 1.793007393164925412e-01
4.010754747982243212e-02 3.387295333519976914e+00 -6.849084081719450934e-01 1.995163815112550587e-01
8.287019839367266993e-02 3.751613974456452283e+00 -3.484786974377699353e-01 3.660032179436288891e-01
3.592405699658796081e-02 2.955108067416399642e+00 -8.433974557248342663e-01 2.956003649182614157e-01
1.533963193656144308e-01 5.866922499217082088e-01 -8.651308458627559039e-01 3.760546105644916315e-01
5.197892865577811994e-02 2.206629644415765590e+00 -4.793388824638456502e-01 5.307514197242779730e-02
1.052512722545305007e-01 3.893815645084078625e+00 -5.037396067142289047e-01 4.248516678716096617e-02
7.044279438886266731e-02 1.654501033865510840e+00 -3.726216097777920178e-01 4.451666678047235814e-01
1.204358257718463054e-01 3.307146174999159527e+00 -3.794408072097682494e-01 2.875501018605685633e-01
6.712696645103362336e-02 2.553388023033950738e+00 -2.637813220523639868e-01 3.994627735643679900e-02
9.737626297603654835e-02 3.330155887666975900e+00 -6.004889310425615134e-01 3.302382946172355282e-01
7.016914170545854312e-02 3.716948087984310867e+00 -8.718954203156766836e-01 4.178753758542872454e-01
5.138589802157794012e-02 3.517735735522323992e+00 -8.784532702597535048e-01 4.827358998056702766e-01
1.589465320959687622e-02 3.728061161752297181e+00 -7.565499135358186855e-01 1.724266196647025740e-01
5.624736111738051769e-02 4.577800691862554672e-01 -6.372982648243834536e-01 3.376714903945003954e-01
1.762329428890410665e-02 2.350106546971516330e+00 -7.608761525497643730e-01 2.951935244260122104e-01
9.652370182303338098e-02 2.723299469608745582e+00 -9.031042915161410223e-01 3.848958336759482624e-01
6.209975183524274467e-02 8.069228653518432104e-01 -7.589541804104080747e-01 3.328604179543470654e-01
3.588690470954044448e-02 3.298991430284196724e+00 -8.482770565980612965e-01 2.828662849623165276e-01
6.250127228353077879e-02 2.984346490118740647e+00 -8.722473463825027862e-01 2.325966668216467859e-01
4.731427524850597560e-02 1.391135727097700947e+00 -5.744301061028418420e-01 1.698320764702741514e-01
5.554765716197744563e-02 2.156563978396844217e+00 -4.453173198463095672e-01 3.227011202897849818e-01
1.092276507341665009e-01 1.151854453873850881e+00 -9.051353638931356471e-01 1.239486195621060660e-01
1.087683530325119080e-01 3.096376153904400574e+00 -4.052137134089895953e-01 6.857997102990801008e-02
1.259945691800574419e-01 2.923606359799503451e+00 -7.729992933833256252e-01 5.418503561177745453e-02
7.277852362958926735e-02 1.523581877633011672e+00 -1.632887097797284803e-01 2.837733500213383553e-01
2.299752062306871514e-02 2.353132970388303935e+00 -6.852117138019053755e-01 3.239763300543088698e-01
2.687646072299279543e-02 2.462096748274521296e+00 -1.526354053172186420e-01 2.786446948004318025e-01
8.088573499088920482e-02 4.047986119635249569e-01 -2.775829306542251240e-01 1.713255545609620456e-01
1.411296437872657794e-01 2.733745706790105423e+00 -5.710181515487190440e-01 3.113691244789690837e-01
7.854788925449480985e-02 1.867076648541151407e+00 -6.097010674988072587e-01 4.748064213519000432e-01
1.137163751895003266e-01 5.811614852306257184e-01 -4.581686718087275012e-01 3.599574176454966579e-01
5.571544316290458210e-02 2.170034532451686093e+00 -4.131323924646285728e-01 4.720519940015213689e-02
1.581121586077982311e-01 1.592175156880984321e+00 -4.556858431106033946e-01 1.811116759292906442e-01
5.299136171790859440e-02 3.688072750826355328e+00 -5.300116562482860560e-01 3.261523119144508764e-01
3.002560420727600626e-02 3.115799603411133489e+00 -9.265106053970159072e-01 9.691487925314978824e-02
3.400645668683043021e-02 2.515816691067776834e+00 -5.239456258794714660e-01 7.138172272801329710e-02
8.378415651543556775e-02 3.116883483375918029e+00 -2.406793008605593309e-01 3.780588748587314640e-01
9.549571228325123839e-02 3.364718826621144743e+00 -4.037594035538483173e-01 2.711773937270374191e-01
7.937139862522323008e-02 3.900927253060649580e+00 -8.134059901315999763e-01 3.871080270189027894e-01
1.311139416667878310e-01 7.178055438629638019e-01 -7.659896472138226775e-01 4.134329110113735828e-01
7.271651586665585365e-02 1.717880500695806667e+00 -2.099489914088875642e-01 1.295870168990349847e-01
8.529299899585682243e-02 1.195281274478581679e+00 -8.436571590332405668e-01 3.830857490632705309e-01
9.625046791686334147e-02 1.768834010285549319e+00 -3.944014765283317403e-01 4.208434187690869854e-01
5.181985123381876307e-02 3.588706839553829298e+00 -1.212506525179490313e-01 3.264639175266760285e-01
9.475770798339641643e-02 2.976145998802069315e+00 -4.524377421153632506e-01 3.973163970770661746e-01
1.327644655078458469e-01 2.939494978233158751e+00 -4.739469618092568282e-01 4.155488029681073670e-01
4.368023133844204514e-02 2.411390088816389277e+00 -6.425648816975852995e-01 3.179009363326648074e-01
1.585068426769398742e-01 2.612615926434367353e+00 -4.414456170714890493e-01 3.594521534720973577e-01
1.037423312223250682e-01 1.880110048433543568e+00 -3.808888929999928452e-01 1.296578024652476901e-01
1.490296478957402471e-01 1.270672052480674497e+00 -1.316010517642489108e-01 6.069187449663038247e-02
5.598256627262544749e-02 1.695147317789067465e+00 -4.274405039909662252e-01 4.304315629990389525e-01
5.390457398757136226e-02 2.505225932152272961e+00 -6.038759460543614566e-01 2.213456548605095553e-01
1.036911604683581067e-02 3.038799252385999683e+00 -8.760193707048822276e-01 1.070259901366129585e-01
3.242095832643655806e-02 2.253533849008352519e+00 -4.101529683338709376e-01 4.931164358809452253e-01
1.306892522732934769e-01 2.647584809534444972e+00 -5.852196370188923469e-01 3.848075884562406901e-01
1.190072071905199091e-01 6.110366353346190493e-01 -2.641323745664860279e-01 4.465528563655678518e-01
1.040816964695212288e-01 1.050957488262757922e+00 -5.747462345233217418e-01 1.024184624993442205e-01
7.626644507620630731e-02 8.919102050617482291e-01 -8.417197463273323743e-01 8.535176090353874256e-02
7.728056655121669227e-02 3.733560432746859892e+00 -2.463079330883868878e-01 1.261623573991224601e-01
1.041327394442048693e-01 1.562451385942397408e+00 -4.515829410100489771e-01 1.410720102690664612e-01
3.384644335100491647e-02 2.315333078116903032e+00 -2.036402844177571669e-01 2.706855666589933485e-01
1.228039216787762677e-01 2.709307339333337783e+00 -6.041210555630500689e-01 1.934054670787233865e-01
4.410199581153266546e-02 1.356877363907837752e+00 -6.652656312217503087e-01 4.074844608193606277e-01
1.312681528313495993e-01 2.152623353756318636e+00 -2.743608078733358324e-01 8.453482279487198325e-02
8.596862016545406271e-02 2.714663776691160990e+00 -5.761667359476611017e-01 2.845090893147088629e-01
5.000311919958454893e-02 2.965886955726830365e+00 -8.630753568251502417e-01 3.237187764987038419e-01
7.196650869931546513e-02 1.102308112881180469e+00 -8.705768050161860616e-01 3.775370848887047437e-01
1.550370686719657054e-02 3.814023312471539473e+00 -7.777493266882400391e-01 3.537713339111300814e-01
9.982338009781148436e-02 3.238932045265662918e+00 -8.219463479894005831e-01 2.096717858823037850e-01
3.313404854648388520e-02 2.514641882149938112e+00 -2.778915716784703394e-01 2.107270314234040987e-01
3.658957015757907660e-02 2.603289877214077119e+00 -3.109189620263935749e-01 1.833690149659467639e-01
8.025311496095655084e-02 3.858167243158478144e+00 -6.131900534727605656e-01 2.868461063285243084e-01
2.948752008418040887e-02 2.494786378409730609e+00 -7.030031991569594130e-01 1.666083932179026339e-01
5.995882313187009260e-02 1.312538825850155799e+00 -1.431421900665776348e-01 1.666002499781188972e-01
9.569956138746812946e-02 2.623866255126931613e+00 -5.220282092071535374e-01 4.111875827770374858e-01
1.993421154674081264e-02 3.598864062188751323e+00 -8.112535942254346377e-01 4.041650659561364933e-01
6.229820662409954468e-02 6.080063926249328343e-01 -1.903480827660037344e-01 4.527935446504239847e-01
7.544740496354646053e-02 9.947315617341059291e-01 -4.072658435502500840e-01 6.513213465343725694e-02
1.298586357570811201e-01 3.429976148529936708e+00 -8.568028561455955927e-01 3.644109520501498389e-02
1.014849309441657466e-01 1.531978235267920097e+00 -2.487750891075533599e-01 3.307229615699375236e-01
4.517411599384667936e-02 3.764446700000027679e+00 -5.758362043745284264e-01 3.198379796233872807e-01
2.934709350641639958e-02 2.296446615108056921e+00 -8.199646974524033016e-01 2.083697040423873881e-01
2.383011986808102750e-02 2.761993691088728831e+00 -5.215460045439009873e-01 1.998624384657103348e-01
1.785981261484197169e-02 3.281695070771346590e+00 -6.398659313737421472e-01 1.947051167778510172e-01
8.177450312174459890e-02 7.956599092247880201e-01 -6.533091897854316210e-01 2.761860982637515116e-01
3.985426008941995307e-02 9.795451347922963237e-01 -1.897726381791254302e-01 3.043667759224680247e-02
9.352597613103426355e-02 1.482788580425268066e+00 -9.329473963704195683e-01 3.327202449857173949e-01
5.247049539650459199e-02 3.961997934914947006e-01 -4.432526504548578994e-01 4.954635750408179495e-01
8.090386215951682336e-02 2.204140050578056620e+00 -7.936445726138807721e-01 2.632220912109038413e-01
4.298467187935528511e-02 3.295773502154746293e+00 -3.717274308038328035e-01 8.809484471915327020e-02
7.739367403218157249e-02 2.635355744074319162e+00 -4.574333724905232934e-01 1.634011981852364903e-01
1.279348495620002413e-01 1.413727238185682022e+00 -4.437142431313095825e-01 4.871444586086077222e-01
2.833178907074994368e-02 1.053895777236742326e+00 -6.004461496796552611e-01 3.263134858922950299e-01
1.530062209101951676e-01 5.018332517545616156e-01 -8.895421507125416127e-01 3.322722793976232158e-01
9.943031003821528602e-02 1.396848693224016280e+00 -1.197657799974042869e-01 4.066074960368825097e-01
1.189234314826514982e-01 3.819266803983341951e+00 -7.426184906306633193e-01 2.721358237816494108e-01
6.976064710568630201e-02 1.580793220265554133e+00 -8.000421477359979106e-01 9.669906022149477032e-02
1.433525298391316594e-02 3.809562592032235351e+00 -3.133560323850033136e-01 3.246268399058821474e-02
1.918943704414864670e-02 3.700269504751545036e+00 -3.880999471075071705e-01 1.919901511993664101e-01
7.068127275025706813e-02 9.505848430195757981e-01 -7.376002905533531884e-01 1.361761349947792354e-01
4.720519949150108613e-02 3.835042078701538237e+00 -2.891783663220556244e-01 1.257939278983256082e-01
2.231961913738726710e-02 3.116998233553958553e+00 -3.479210520980998700e-01 4.116030617659922064e-01
4.715524267120082408e-02 2.973286047280954580e+00 -2.406115147435903823e-01 2.042082086636752281e-01
1.181441846660629957e-01 3.513283537580903726e+00 -3.200102316196170027e-01 2.319332521254174884e-01
9.641106486804322528e-02 3.459731559832077696e-01 -6.845959216119539281e-01 1.142980031196489943e-01
6.499487948281759686e-02 1.123411154338200602e+00 -7.495546911272839008e-01 4.252092859971946526e-01
1.559053160575134267e-01 1.761007691852271906e+00 -4.939994697171394833e-01 2.139660248649717378e-01
9.562939042815830903e-02 1.179188817856863913e+00 -6.128131350980718928e-01 2.857480540742645125e-01
8.377389735644519275e-02 1.463202153324717703e+00 -1.082262213538895956e-01 2.669114068411557184e-01
6.845762685671541448e-02 2.055859897858617114e+00 -4.254673207351431508e-01 3.968926543859244149e-01
1.309675529500432256e-01 3.481480625991147715e+00 -4.499896838743003280e-01 3.516909928561539056e-01
1.035615893991033154e-01 2.288897884035676622e+00 -6.732832336592035061e-01 1.146407087467840591e-01
5.367403178835054856e-02 3.854983820353946378e+00 -3.650018341674586275e-01 2.990711521309249998e-01
4.344317415290857576e-02 1.754121032213689979e+00 -1.287380897528003221e-01 3.923689877936668013e-01
1.171902185480464265e-01 1.137077326020806911e+00 -2.579408166348844955e-01 1.738848990820546780e-01
1.057944511558310818e-01 3.431629522769588103e-01 -7.109317474093350686e-01 2.731957778091099187e-01
1.555350317666977511e-01 1.030029880644685258e+00 -2.659623432297963941e-01 3.067366121197714901e-02
1.254880786688322147e-01 1.822814096703552211e+00 -8.998535260265123625e-01 3.719001756821818105e-01
1.158459122882808667e-01 1.737863865774453398e+00 -8.016438511176976478e-01 1.442886301580741104e-01
7.918087168237263052e-02 7.564638392339071427e-01 -7.224561066925199171e-01 4.129124670844102063e-01
3.871617121640093251e-02 2.668434893172450195e+00 -9.801192149405729692e-02 2.759924929717517128e-01
6.526016533795601926e-02 2.721537547762233444e+00 -7.032054786493839860e-01 3.565891441885084001e-01
1.084417345054206616e-01 1.312421134954514956e+00 -1.030740995905501389e-01 4.921737923968796946e-01
1.571036420692479563e-01 2.642386454042390476e+00 -8.104667352202344910e-01 3.617404260110691494e-01
1.032011971996783656e-01 2.123543687772874833e+00 -2.623468786308660872e-01 3.559154151997941384e-01
5.842868805109818764e-02 3.562879193033532843e+00 -1.983227639152255195e-01 1.223358922964994933e-01
1.040491569581917242e-01 1.736555787033484899e+00 -8.767298288109830473e-01 1.649697859270345957e-01
5.273364982743025675e-02 1.240482441502744670e+00 -3.710910904828242929e-01 4.586875080953596306e-01
8.478121125077221765e-02 2.240325364075875569e+00 -3.391588074981869427e-01 2.709951280725004241e-01
1.114514905397467892e-02 1.916704193535083478e+00 -7.848447714370333506e-01 1.485529647727096836e-01
9.010987910789400313e-02 8.877879126252936626e-01 -1.952053946706444054e-01 3.147648136319507461e-01
2.063815370797213167e-02 2.985261079671802875e+00 -7.240644646383581629e-01 4.716915089550206552e-01
3.524602726616990478e-02 7.353985231623458851e-01 -5.579125152128187048e-01 1.142247160124079952e-01
6.606732268587239831e-02 5.001583510924370035e-01 -2.138817505961217447e-01 1.235526850310489089e-01
1.581501850926704533e-02 2.291218748667455340e+00 -1.784466081743356081e-01 4.311325659571358937e-01
1.494196637346112966e-01 3.828046522007496399e+00 -5.349793189808640381e-01 4.553630803288948314e-01
5.282743827450776114e-02 3.571546467724279417e+00 -4.502579791711492918e-01 1.488894864636786108e-01
8.245005332990373859e-02 1.141046895031824215e+00 -4.131408734391707194e-01 3.567147476635634806e-02
1.438756165320629055e-01 3.659181810939053037e+00 -9.127505441418124477e-01 3.134205056452092908e-01
9.985611095742585874e-03 2.398888565152957675e+00 -2.847076610275762754e-01 3.163766440209949127e-01
9.147183995624966202e-02 2.040262977145291590e+00 -1.760840951745092364e-01 4.179774603024696278e-01
7.516474163761928395e-02 1.585501878042738344e+00 -7.764087082767361370e-01 2.292227856245924456e-01
3.649963074659177964e-02 7.666347854907520354e-01 -7.802024760194608000e-01 5.304068199275566164e-02
6.108212476453078743e-02 1.969720198583948534e+00 -3.235044252229942185e-01 3.348802521838596946e-01
4.801559813951824379e-02 1.223305228421250446e+00 -3.353429151673251174e-01 4.279805866853767515e-01
9.585588928876026538e-02 1.699647308605471530e+00 -6.297580186610892694e-01 2.159796671703297088e-01
4.943962874837159321e-02 1.164667021609702813e+00 -5.317701629608874159e-01 2.512109143651969356e-01
2.865951753350602649e-02 2.796039425482014007e+00 -8.563435859639934034e-01 3.953399216346132894e-01
7.649129612850000259e-02 6.840317136623714767e-01 -6.618249632299315621e-01 2.540279641795473720e-01
6.667446217095461536e-02 2.634814504149681103e+00 -8.807835420231562296e-01 2.626974638488053237e-01
8.083571623853239019e-02 4.201497307796069336e-01 -6.031547336877756127e-01 4.614190284572180500e-01
4.359435783949618115e-02 2.593025568044940776e+00 -4.862982235317712676e-01 2.722962722319869355e-01
8.068338296519740604e-02 5.703093158564407350e-01 -3.207078217331943426e-01 2.746143402703067338e-01
1.172945369975222363e-01 2.206577388841556964e+00 -5.701075705484418554e-01 2.118160608887649232e-01
4.483069499957983289e-02 2.992354124655423941e+00 -4.972447654929752492e-01 1.913443266073909244e-01
1.485625678325712129e-01 3.280110140003964503e-01 -8.806205385307435130e-01 3.186192935768418777e-01
1.206730000842257677e-01 1.164606191913807987e+00 -5.205984265866459015e-01 4.047012914967740294e-01
1.265726747514531458e-01 2.161454449338954031e+00 -4.186405970781134633e-01 3.498154011073836278e-01
7.934809663313101280e-02 3.596492971982302223e+00 -3.830794018792906264e-01 8.796570451927146483e-02
1.523907669799463571e-01 6.310159270463033820e-01 -1.411513603992629595e-01 4.052470726583073390e-01
7.012985985904793274e-02 6.434702671711323152e-01 -7.175169170912084615e-01 3.271417734097562535e-01
1.142352004839757573e-01 3.315685196353077124e+00 -8.133058512530328965e-01 2.053466455751350728e-01
5.950748685958830858e-02 3.881903188871525412e+00 -7.176062315971153405e-01 1.686497789952101645e-01
5.637940010371006450e-02 2.779268789269322859e+00 -2.788619787973062314e-01 4.037024814907269055e-01
4.340728571907476185e-02 2.682936536761101998e+00 -6.135048568784057244e-01 4.294122118342724725e-01
1.335200949973819329e-01 3.911093061453615682e+00 -7.693657994188585203e-01 2.537675919917511402e-01
1.428509608543260812e-01 1.948050380985116403e+00 -3.874121675215808080e-01 3.444271835553110450e-01
6.913731248509151495e-02 1.293079961630349661e+00 -5.800306545844029493e-01 3.513673857044214976e-01
5.758763527586252540e-02 9.459487108683735102e-01 -1.585357813085059298e-01 2.144407417139128635e-01
2.786925253861368551e-02 1.642230941788326737e+00 -4.766151224509984630e-01 6.786003834251019828e-02
2.230911053735736005e-02 2.323991869952183542e+00 -6.994086039381302022e-01 4.094057924562728434e-01
2.820019331861597922e-02 2.887343121491153131e+00 -2.442904671325697996e-01 1.023689544990349642e-01
8.033580291628605874e-02 3.673888683437392277e+00 -1.151479574967019248e-01 3.759802621905406483e-01
1.499639689005018983e-01 2.555677786502270621e+00 -1.532973721799160138e-01 2.225356567244395900e-01
9.618622133361284798e-02 2.830477972859350544e+00 -6.891786085677603646e-01 1.682947316536287374e-01
1.028917184621250536e-01 3.514062026646362469e+00 -3.841168515572832010e-01 1.742681735891368211e-01
1.336852402175532639e-01 2.036540384996473385e+00 -8.853843534239413948e-01 1.207747466230368605e-01
5.048675877469847861e-02 2.486659465777207867e+00 -5.779227540745145442e-01 1.438342548555730516e-01
4.229759603421167496e-02 1.381008604523874528e+00 -3.783487177916566857e-01 3.185616794661964013e-01
7.155878328844057779e-02 2.719302241260393327e+00 -1.412830245242044369e-01 1.154045658311323164e-01
2.344707168481690446e-02 1.169714374880509222e+00 -3.793527566598288714e-01 2.669483634981959508e-01
2.681286729409653596e-02 1.097172137875409792e+00 -7.593543638769338910e-01 1.502707721957379228e-01
1.316565420858802904e-01 2.686802018501620815e+00 -6.823299023380685613e-01 7.632785895144900135e-02
1.326005636648177333e-01 3.103640317550212302e+00 -6.063980815893992293e-01 5.278364677904354152e-02
6.427852036542366920e-02 3.662022841760435021e+00 -5.487588389479842732e-01 4.510375994682409018e-01
1.038887961001653676e-01 1.683854012593121174e+00 -3.503994662582468056e-01 2.749912886803954626e-01
1.252171567830444032e-01 1.101970557200562029e+00 -8.916474282658074513e-01 3.552710722254395770e-02
1.031887651947627216e-01 4.564079763728732253e-01 -7.782610825245617203e-01 1.243606961622633067e-01
8.084589528016160320e-02 6.906679672642288548e-01 -8.148322129050502571e-01 3.130627619790747329e-01
5.881145691460484826e-02 1.234139228371404107e+00 -2.576677592801926431e-01 4.134984876740833704e-01
7.167114589871742547e-02 2.130972792954493489e+00 -9.346661600418262328e-01 1.976953480513551631e-01
1.223513984447140851e-01 1.653841636151170746e+00 -1.820930629115795618e-01 2.049405198619842494e-01
3.074500777007091457e-02 3.917997570783068539e+00 -5.187848284524922970e-01 2.706688574608206999e-01
1.420660158122171723e-01 3.068204145432996022e+00 -3.764698612084060314e-01 2.217950948283506085e-01
5.849054551779708788e-02 2.591427717597180269e+00 -8.276172028857133878e-01 4.614594189226983723e-01
4.467078708905655032e-02 1.885062004153066351e+00 -5.918514755211983225e-01 4.769429129994479100e-01
1.559457513748393476e-01 3.918034769152380470e+00 -1.660432537588967250e-01 2.473221638817210688e-01
8.030465621285898248e-02 1.597631127551881303e+00 -6.309460546473399933e-01 4.334050397142314992e-01
1.543886032581569256e-01 1.448315071695148060e+00 -4.343949024861843977e-01 4.088799391767644620e-01
1.135745328320003356e-01 2.452707124859525134e+00 -1.045124847211971186e-01 1.243337269811400358e-01
1.037530541851826582e-01 9.145477208317871476e-01 -3.832047135246015590e-01 4.630510775334253926e-02
2.937724588552786259e-02 2.022123028993394911e+00 -4.728543914269077719e-01 3.808318432649387963e-01
1.594431583549954790e-01 1.484388815879380097e+00 -4.575454635489821231e-01 2.708926113292056681e-01
5.793165910836306498e-02 2.890715974078617911e+00 -2.350619687706601568e-01 1.761849566773856512e-01
2.879055370968033184e-02 2.098747271680290627e+00 -5.986248503416927713e-01 3.922238241592257979e-01
1.154547884838709737e-01 3.191269957298858095e+00 -1.166359874208659497e-01 8.106132931730675173e-02
1.340295716739120513e-02 3.344469688008211872e+00 -6.715002894734438676e-01 3.298827017238909476e-01
6.105528322602662983e-02 3.907977920475462774e+00 -5.344248087859669871e-01 7.852087482172095956e-02
1.088640197409452004e-01 1.148016380239985201e+00 -4.383190361480447383e-01 2.981756684216504416e-01
9.105919180609688135e-02 3.339441355991385141e+00 -5.786881911796213362e-01 2.029945227937505481e-01
1.462982071639679083e-01 1.798145342236357802e+00 -2.301833644332016982e-01 3.315538589265717428e-01
1.214344977395496183e-01 3.586961204345664456e+00 -3.057613742320094419e-01 2.208764050879726271e-01
1.343642692796945814e-01 3.890701342789395056e+00 -6.291093660941504684e-01 1.058778694211823523e-01
8.375668417561914214e-02 2.858771056723137693e+00 -1.138724424768719490e-01 3.748376788396391435e-01
1.585893676051344237e-01 3.774227373027689403e+00 -1.338173937988989537e-01 1.233390320851481814e-01
3.463494957194755003e-02 2.990421960315240213e+00 -8.592607267216914035e-01 4.430241907088660058e-01
9.118564669509719722e-02 2.062432999694161495e+00 -2.724648966349934032e-01 4.376092163811686753e-01
2.567033842371741620e-02 2.646322559362337401e+00 -7.574335199266962748e-01 4.801448401027653134e-01
1.131567216304651124e-01 3.749783414712389185e+00 -1.037743772818240928e-01 1.343303811118081448e-01
9.467290229085713327e-02 3.738091824561275978e-01 -3.080443789453373160e-01 2.974069938312228212e-01
1.315379035797689111e-01 1.607346729574055999e+00 -7.952024679250484507e-01 4.237109505189765035e-02
1.144033959737568718e-01 1.323490745608913777e+00 -1.497420515326017831e-01 3.472297396107607570e-01
1.054319957497444060e-01 2.968913481580819358e-01 -1.623754306143369019e-01 3.713360853864271505e-01
2.249354999089794860e-02 1.992617276269909476e+00 -6.133774481473657225e-01 3.719773490555863815e-01
2.265728213162916671e-02 1.877171414502466718e+00 -3.332933299342632494e-01 3.596325798738782553e-01
5.697361131673940593e-02 2.197297206788611401e+00 -7.689264232861976467e-01 1.433103454645834884e-01
1.535753845852619315e-01 2.743795787481448922e+00 -3.949194434710761592e-01 4.286151273498670644e-01
1.398067972575224305e-01 3.348314339645026116e+00 -2.981735868329792316e-01 4.413336817355190123e-01
3.409288135510809420e-02 2.196536577026190873e+00 -4.906705832592207495e-01 2.161820734668530308e-01
1.526063269786947230e-01 1.907688688570400970e+00 -3.541305283264358783e-01 4.495491603449317530e-01
9.166809660179479902e-02 1.895580670582498684e+00 -7.563358789075785849e-01 1.344909767158885272e-01
7.712470508827237725e-02 3.956713379507119654e+00 -7.455951713340263076e-01 4.728016457401548744e-01
2.492644502230569048e-02 1.882093698857156383e+00 -1.821926164777504797e-01 2.082272566199633024e-01
7.027353002183077402e-02 1.900840426386195769e+00 -5.128225391149884294e-01 1.957904269066338965e-01
1.482410300451282859e-01 2.895921929018434593e+00 -2.650321863953287171e-01 4.572675199273602553e-01
1.324749229825578634e-01 2.547634047702604487e+00 -2.774821312232939041e-01 4.678546879918348278e-01
1.279816324444599807e-01 3.380609848038848231e+00 -8.176394169469891615e-01 3.362735165406534610e-01
2.630438005810995655e-02 3.890263161209432496e+00 -2.160594851204181710e-01 1.261954441944375671e-01
3.996787159620204810e-02 2.023236880863587217e+00 -5.439926853136390905e-01 4.409974877712437014e-01
2.034268387381384102e-02 2.101058989458490789e+00 -7.113428518209945484e-01 1.474759504980500402e-01
3.688068527783392586e-02 1.338545906669989405e+00 -5.571479706229951478e-01 4.339484714104163698e-01
1.466204127970954785e-01 3.389909885442295767e+00 -4.614920615058519804e-01 2.526078031045411176e-01
1.535492550150486524e-01 2.731678096890973073e+00 -4.141713485002004869e-01 1.707755005138812954e-01
1.461190415312996760e-01 3.764254123235373228e+00 -9.449051081540349450e-02 4.274769385798746213e-01
8.239480355709850878e-02 5.586713344652727287e-01 -6.090408330426133610e-01 4.072185491656947764e-01
1.294532722817602899e-01 3.470750471330149800e+00 -4.943520522057565647e-01 2.288563054475231950e-01
4.155377346823166396e-02 3.908206036867953870e+00 -8.481816021401125116e-01 4.645035828124854937e-01
1.274335576889239485e-01 3.555541148071322599e+00 -5.637217482194263329e-01 2.727898583442875946e-01
6.672132997035050417e-02 2.240708815885483762e+00 -3.636099490388790545e-01 4.045824098772343724e-01
4.959337230439324340e-02 1.180445755758094517e+00 -5.047606763413249320e-01 2.955576635849203049e-01
1.060782626590645455e-01 3.975126230198588573e+00 -1.249673151348066891e-01 5.307740867129828732e-02
3.275904817605688329e-02 3.810521121030233438e+00 -5.463808707290475075e-01 4.409803208189981283e-01
9.315143452676520608e-02 1.447473254628830919e+00 -9.131801722266652543e-01 1.281567482739159325e-01
6.320970136506792736e-02 2.743986503893281359e+00 -2.349699252376876712e-01 2.826197184610433344e-01
5.014163663545381788e-02 1.466736925995245855e+00 -8.827392860713489942e-01 2.931345658841883473e-01
9.771596357851534964e-02 8.756620939233317191e-01 -4.835549563836729625e-01 4.026582001025335034e-01
1.719342721880343094e-02 2.532726504494529962e+00 -3.578448811042240774e-01 4.305555315266021421e-01
7.963586777717210352e-02 3.609050206065644417e+00 -2.835983535114584564e-01 6.712436006961894353e-02
1.403585073860762200e-01 6.512479866446041488e-01 -1.570056680425009898e-01 1.303209916910838817e-01
1.184626011256400824e-01 4.281765301910596122e-01 -3.195200873882308445e-01 1.115929823769127305e-01
1.360849087405360536e-01 1.477276539414418277e+00 -1.778335191307535146e-01 1.247439512316948496e-01
4.505142032769194477e-02 2.506774434042541078e+00 -7.196605717924458023e-01 7.126958359914342678e-02
9.864114483598328265e-02 3.568806437708032853e+00 -5.229624504017101883e-01 4.556185075560598152e-01
4.282462782167903437e-02 7.474959543849835075e-01 -8.023622335502349490e-01 4.502372135462660019e-01
1.482492360148033594e-01 2.073975059407077826e+00 -1.244077038441527283e-01 1.379112998890452413e-01
1.082961911215212236e-01 2.099360458292864440e+00 -5.129758504840025157e-01 2.015655885460227725e-01
1.033714152097783973e-01 1.176866653957111541e+00 -8.973666901746089053e-01 4.283628471664758242e-01
1.113808606117549921e-01 1.834815830991669117e+00 -5.204498656169858073e-01 1.807616378619208708e-01
1.103902575836787497e-01 1.745075344360114133e+00 -3.986412190493308083e-01 4.007444080684701149e-01
2.150294813542584504e-02 1.253977907323816865e+00 -8.096495268988396221e-02 1.253442534540583631e-01
4.885696737345534418e-02 4.555007880869486048e-01 -6.395822654614794489e-01 3.211939624599686738e-01
3.596606078781587612e-02 3.420291004111114752e+00 -7.477830757440704357e-01 2.682095034820008994e-01
3.458675811040122505e-02 2.761177282994005111e+00 -8.700027533200866969e-01 3.047977451110142066e-01
6.095766331051148679e-02 1.239936219793610794e+00 -7.344592283264963495e-01 4.889336714451092414e-02
1.403675860928625119e-01 3.714438262917688860e+00 -7.170276845081035022e-01 8.797866821275460159e-02
1.558897826857843505e-01 2.968706490751433336e+00 -6.237616338449932796e-01 7.530812819136217806e-02
6.581065161629082172e-02 2.888776966420179892e+00 -6.337132395386114725e-01 1.561505079443262778e-01
3.127623811477461130e-02 3.335874170766029323e+00 -1.016349473243235990e-01 1.704183845654218266e-01
1.318961731710178165e-01 3.094893266392929831e+00 -1.519804256014183896e-01 3.511770358242499168e-01
8.080652232815117852e-02 7.495427306920685595e-01 -4.029588190912225532e-01 3.107206369862306472e-01
8.237434645347387063e-02 1.900272153468850034e+00 -6.700739362148746547e-01 4.756432419834759617e-01
1.416040064390055586e-01 1.616632487718244970e+00 -8.795268960298201488e-01 1.462762186309904955e-01
1.288948824921115066e-01 1.561831440384619629e+00 -1.515046899903483291e-01 3.980832801579814451e-01
1.078315883196272335e-01 1.270675428567276111e+00 -6.292375503466883790e-01 3.147439064492149607e-01
2.642826076037396721e-02 1.694859727538166050e+00 -2.108191768729685278e-01 2.537134845881155454e-01
1.168298023388789075e-02 3.159501691047053029e+00 -4.938967798402424392e-01 6.453485798983082944e-02
1.316704082469074555e-01 3.058538710479253186e+00 -6.963173486860456673e-01 3.161479212975398800e-01
7.399832653561599916e-02 9.935016561490317422e-01 -3.745796142966034137e-01 2.823052426274874072e-01
8.506509842021529877e-02 2.986395324462135736e+00 -8.154106257641713373e-01 1.797329828031129506e-01
6.625082155626769997e-02 3.254825438116404346e-01 -7.950372834220085227e-01 4.228965558269354719e-01
9.139865921892184608e-02 1.980963449976199442e+00 -7.589330649058956269e-01 2.987058654114945755e-01
1.315016345863171121e-01 3.485989920187775315e+00 -7.740172640310505336e-01 4.379278576671254974e-01
3.342077872434211228e-02 3.320330172270148150e+00 -3.695509044393804343e-01 4.796089684316310886e-01
1.094655695700978287e-01 1.278352247734368508e+00 -6.700366030528573935e-01 3.819243489562246796e-01
1.124844602057246956e-02 2.461584026158790017e+00 -2.470430703940126871e-01 1.104451727555635088e-01
1.499770103242135111e-01 3.623618363080571836e-01 -3.997625496256140831e-01 1.180891465685559860e-01
4.603658470882312365e-02 1.364850474712992590e+00 -2.789351086718226957e-01 2.662010603618328863e-01
2.351498963098409833e-02 3.927342761433572527e+00 -7.637378603455462489e-01 1.821042367846043009e-01
1.189317608795560227e-01 3.213875491427505171e+00 -1.952107466784244183e-01 4.886759400810303799e-01
4.091058395138569975e-02 1.687842408632190594e+00 -8.723620111650481901e-01 8.223194555381671544e-02
1.575084990647546701e-01 7.320655966476921073e-01 -6.843516356726048189e-01 3.477483191449823319e-01
8.727600446151440039e-02 3.192341996228653667e+00 -3.601908937351607776e-01 3.139171309037523949e-01
8.470382835157400092e-02 1.954113425462213449e+00 -4.289365277051660486e-01 4.200980820066965160e-01
1.242422338341500898e-01 2.017562594631221007e+00 -9.088495485096924620e-01 2.795693408800234980e-01
4.299678678691672140e-02 1.510790721841347661e+00 -8.291664670352079103e-01 3.562932122861556250e-01
1.563652032030968253e-01 2.620089346155195287e+00 -6.652020699425909012e-01 4.928615659674783211e-01
1.118360342060815693e-01 3.535225601263428441e+00 -5.397783947680843131e-01 3.342941427595090831e-01
4.752287250514799360e-02 2.355137248988509846e+00 -6.622714363617374644e-01 3.663823157830478627e-02
1.022515357687431292e-02 2.823228433260475789e+00 -4.593219990413873743e-01 7.629599988449803361e-02
8.335481706787230272e-02 8.443794186741127028e-01 -2.521049120618353290e-01 3.546694409163564932e-01
2.965208414107006751e-02 1.842945367338734153e+00 -8.843329955758372218e-01 1.224844022188987802e-01
1.333077370565231567e-01 1.711162891719700152e+00 -6.926871709295572277e-01 5.391078289358633424e-02
1.271477221587108963e-01 1.104328363438478178e+00 -9.167362068822872967e-01 2.278573324772621145e-01
7.137259496354400601e-02 1.735647534059869379e+00 -5.984431715101378169e-01 2.618355668529488423e-01
5.889364026685735276e-02 2.645528747980612216e+00 -6.859089019002896359e-01 4.323651566799138757e-01
1.507894719154949936e-01 3.338791943418773833e+00 -4.968198684931751652e-01 2.898621173476321755e-01
1.458559323950622266e-01 2.358879388465592086e+00 -8.255079223947521250e-01 8.793376673305125513e-02
9.293710987443068450e-02 3.941786659435106976e-01 -1.869856586784239272e-01 2.701732818835447247e-01
1.405947485824538545e-01 1.269583956041900663e+00 -4.708614969202801204e-01 2.801025422796573072e-01
6.675683995893169631e-02 2.601960627954246874e+00 -9.121218916953479638e-01 1.194711449879259368e-01
1.298742404731783318e-01 3.285799619161217322e+00 -9.303684892085419822e-01 3.877399311514747593e-01
1.561565622119353014e-01 1.318870462017740275e+00 -2.785897500326293685e-01 3.804270596439466856e-01
1.283498035862000730e-01 3.931535601392016854e+00 -4.511560919108226209e-01 3.985442729132807060e-02
1.302988705372290501e-01 2.554853141532038130e+00 -7.424905200326660237e-01 1.666422465800421748e-01
1.557882772198961596e-01 4.808294205678325106e-01 -5.319724608588976000e-01 2.127067648865801630e-01
1.300833682407190883e-01 2.181662355531269970e+00 -2.293900999560753995e-01 4.553644465853097234e-01
1.501984957506963259e-01 3.047460067817843399e+00 -3.637014513507712543e-01 4.468077576006169171e-01
1.540527286554570496e-01 2.086040661057985801e+00 -8.702473660194210980e-01 4.326762658093379899e-01
1.397699558425659350e-02 2.748025404832249663e+00 -7.079986540385203586e-01 3.012363966579165719e-01
1.395481846212889843e-01 3.295250127906175663e+00 -5.797977258755158125e-01 2.447254331736197219e-01
9.301532032075714163e-02 3.377747399051661326e+00 -7.309722122141023570e-01 4.059472210960018979e-01
