7.834687937538151181e-02 2.092200988983171417e+00 -5.132243480284411907e-01 2.631760802754265494e-01
6.558590523544864659e-02 2.568407470117255009e+00 -5.796434465227197075e-01 2.618074334662520153e-01
1.509960889563931041e-01 1.411762296753714674e+00 -4.102023498921860689e-01 2.734028378582073482e-01
4.085526422623434600e-02 1.369411856645937231e+00 -8.451424302713053116e-01 3.139501499961583342e-01
5.745588583929549242e-02 1.382860076219987411e+00 -4.729322312609158252e-01 3.378393283400538127e-01
5.172778298160485982e-02 2.086116832738243332e+00 -4.881374608272010529e-01 2.672051613839304118e-01
1.091791552377681107e-01 2.178815044971373016e+00 -4.001333093224654358e-01 2.644636573120038858e-01
1.865375141952221871e-02 2.583999574622578788e+00 -4.622609091077161114e-01 2.588147497332011771e-01
8.376284479240993230e-02 2.116859328399052664e+00 -5.219553961602579895e-01 2.636964833383075857e-01
9.133855868580460780e-02 2.110105393642981220e+00 -4.957081680660306300e-01 2.640933944174165826e-01
-7.614265570772521530e-03 1.795546439091283863e+00 -4.383963038597779582e-01 2.404580782790634030e-01
1.254738346680842609e-01 2.930240661785063150e+00 -6.063901299339989892e-01 2.543370685576317736e-01
1.001385970971520045e-01 1.663128458785815944e+00 -5.159763611643820580e-01 2.552172232385750417e-01
7.322162512505356324e-02 2.346029955907197539e+00 -5.863783603451059312e-01 2.663495692880611387e-01
9.841166653940108811e-02 1.910868310035431117e+00 -5.333048727635921749e-01 2.597004815303115000e-01
1.458139464905724991e-01 1.848040373389517432e+00 -5.818477602141352012e-01 2.664348562182590752e-01
1.119403111402669793e-03 3.027393075449213100e+00 -4.741906747833739555e-01 2.887605338333134042e-01
1.080295488630954731e-01 1.933006487967745324e+00 -3.660636318533150302e-01 2.539012310112760407e-01
9.251600812557655984e-02 2.164451890577101523e+00 -5.342007815547876737e-01 2.642306911102371703e-01
8.794254960936366550e-02 2.130969646020543173e+00 -5.279240378623339947e-01 2.624421494324638560e-01
6.035877315097200324e-02 2.430043383924014755e+00 -5.670713725821735496e-01 2.584429670477526031e-01
1.157470770282355566e-01 1.828915000605769503e+00 -5.441698407639775636e-01 2.617251585242059142e-01
4.298034662260132727e-02 2.518238959015306477e+00 -7.176277394693705292e-01 2.440749270110858515e-01
7.064975757449536153e-02 2.295622772842791370e+00 -5.163734995538405981e-01 2.627018365039989756e-01
8.297330603302582874e-02 2.104827453448138819e+00 -5.214997446682148041e-01 2.642847611300542798e-01
1.013380850076602835e-01 2.472798799529366764e+00 -4.052783412820847309e-01 2.411912577205132524e-01
6.787394801464000094e-02 2.418786101449638792e+00 -6.005386962002707829e-01 2.627025859427038479e-01
1.054770401519193324e-01 1.907061647773006463e+00 -4.054922721598475110e-01 2.597656960090551914e-01
1.299006292605868473e-01 2.175918860313125869e+00 -2.472495679379396738e-01 2.473080444342456718e-01
9.215164656329388748e-02 2.002106880295281499e+00 -5.255345799825952291e-01 2.618478459754590704e-01
7.179239404804300950e-02 2.487848095237891854e+00 -5.824500320995915637e-01 2.689741814709364909e-01
1.067406029421890112e-01 1.225374635559966174e+00 -5.072106488180552208e-01 2.507265228252613110e-01
8.554375974374546499e-02 2.140086975916628997e+00 -5.226427650860228091e-01 2.623486689778753989e-01
5.884709880299528184e-02 2.774841306545246411e+00 -6.695860109512277170e-01 2.747379612309391317e-01
1.583498971030284641e-01 2.258417016546168110e+00 -6.073209233620642244e-01 2.517202871532104869e-01
6.752150292234544715e-02 2.729661046136413916e+00 -5.356228756906088462e-01 2.701441088061657392e-01
3.580354438084129565e-02 1.976724512364183450e+00 -4.750570938594096959e-01 2.659046519795231767e-01
9.099896518221234354e-02 1.964829792083246041e+00 -4.978666379841991119e-01 2.569137567664586674e-01
1.296829742241714656e-01 1.264869957328357497e+00 -2.206716305693594560e-01 2.264522827206893185e-01
6.072193495860015583e-02 2.293526362609865643e+00 -5.033513051993792065e-01 2.613961272275852066e-01
8.669871169360639229e-02 2.112222565403167884e+00 -5.202122796031282137e-01 2.625833671672591629e-01
1.453738693229590928e-01 1.149071832123021997e+00 -4.981962340510238119e-01 2.696797006618948389e-01
1.444528104369527388e-03 1.897779895789110105e+00 -4.368349911227589200e-01 2.430002279799959863e-01
9.293656741677019939e-02 2.008059922152586108e+00 -5.298966839762928593e-01 2.603486734330102692e-01
7.709612066997256763e-02 2.336971419005378081e+00 -5.273382559951116377e-01 2.676195725606745901e-01
6.977894985137048089e-02 2.403883444070061159e+00 -6.041495352860928314e-01 2.675168306678431529e-01
9.866597726502929211e-02 2.468986271288931000e+00 -5.473607800561390846e-01 2.334065492547791332e-01
3.849065246270199497e-02 3.452192178442857973e+00 -5.786840110951525507e-01 2.758451532871223355e-01
7.718847886440938222e-02 2.228136494159137282e+00 -5.799392551012506614e-01 2.653265122233148254e-01
4.146607970924986314e-02 1.518427226617452774e+00 -4.663821043057872484e-01 2.904641744818378668e-01
7.485390089296817262e-02 2.271022838870634608e+00 -5.842257236156267464e-01 2.639113305455457748e-01
5.760401430712284998e-02 2.324712586703419515e+00 -4.980791266288549513e-01 2.634190537363476081e-01
9.474333913249273487e-02 1.892923708187103760e+00 -4.714658615888303039e-01 2.543544955371288552e-01
1.314767671800908533e-01 2.004165863560976479e+00 -5.673198681546253175e-01 2.664924147112906483e-01
1.128727176556530848e-01 1.897985498998770559e+00 -3.400354891142189362e-01 2.601632341120945768e-01
1.205451576876105935e-01 1.819889044453415927e+00 -5.073026137853832163e-01 2.682544529192826266e-01
4.359237213867959981e-02 2.931039958132303003e+00 -7.305551989899652376e-01 2.740456725527040116e-01
9.611726490961733371e-02 1.849643521254461742e+00 -4.922114082527649370e-01 2.584280381584662667e-01
6.100567106598268896e-02 2.628045501637049419e+00 -5.129038802946875863e-01 2.837576882410635104e-01
7.994998901847433226e-02 2.079676070733437410e+00 -5.149912506675415891e-01 2.625681848926062489e-01
1.049118762344768002e-01 1.962738762337868925e+00 -3.874175124291008854e-01 2.551087799431803749e-01
4.952637532806516973e-02 2.496653850231234539e+00 -6.840316425843632198e-01 2.441293052602772906e-01
9.577277290525340603e-02 1.918628744919524953e+00 -4.667152287333010130e-01 2.544295821720469752e-01
9.056111436351221844e-02 2.030764049972278773e+00 -4.837769721946721946e-01 2.583603871805398300e-01
7.462980153446840959e-02 2.427713141127731955e+00 -5.563495746633100314e-01 2.662627136915742820e-01
1.325377239260926154e-01 1.372105257547330481e+00 -2.739881870312864676e-01 2.466914295720255279e-01
2.320601956442872038e-02 2.161182336919486247e+00 -4.471663362305720035e-01 2.525704996249615308e-01
2.342451736525501954e-02 2.786061836315279372e+00 -4.810390980529149485e-01 2.537626056521489759e-01
1.255608313219324090e-01 2.397226983012253676e+00 -5.540621864406094499e-01 2.505991279822311069e-01
5.340465456269458816e-02 2.574262892936894698e+00 -5.029874318728891902e-01 2.762283594618451521e-01
7.780025783527644290e-02 2.114234960805773778e+00 -5.737876164974918813e-01 2.645298940901520957e-01
9.779749789506593516e-02 2.284965141916133202e+00 -5.477734009200005971e-01 2.618693239545933915e-01
7.399749672147643009e-02 2.455863031124330131e+00 -5.571207699937702484e-01 2.646601717812003263e-01
1.383991511750241876e-02 3.197879245951180671e+00 -5.041280395170553152e-01 2.678556996974592042e-01
1.010483038703920977e-01 1.823780198993968371e+00 -4.111984308381616549e-01 2.489323337527493407e-01
8.326896976623139601e-02 2.181631917435554513e+00 -5.325148755359061514e-01 2.629760955780870990e-01
7.435093846180423904e-02 2.258181032765691931e+00 -5.185291162065261972e-01 2.627592454378969156e-01
9.712441448040111391e-02 1.726507631191952497e+00 -4.911266440889386908e-01 2.507686779419371903e-01
9.416609387608733395e-02 2.221955389749274978e+00 -4.694330742092475139e-01 2.577473766653569642e-01
5.298820509134218038e-02 2.508841635629048383e+00 -6.838690829978841812e-01 2.742295447922326046e-01
9.802496546142662470e-02 2.068041756006241627e+00 -4.647878379176647590e-01 2.657159395077841046e-01
9.980396787780598800e-02 2.009316252952466630e+00 -5.351208240417615336e-01 2.643321369990124792e-01
5.796130007849713273e-02 2.136187143246904618e+00 -4.934240290095384118e-01 2.581734233709748194e-01
5.859483187329563719e-02 1.560776540004694235e+00 -4.797345334031851150e-01 2.851216392147362666e-01
1.250412505211075387e-01 1.355434137574523135e+00 -2.375356108128621746e-01 2.477457771641315420e-01
2.537362026669717774e-02 3.466465703265468878e+00 -5.387665381203319281e-01 2.939321438698935807e-01
1.325981556384490112e-01 1.016775539700955688e+00 -5.131955480991272633e-01 2.339670717487312146e-01
4.715468071119442717e-02 1.336709355165553781e+00 -4.618188962598266945e-01 2.895625125421137369e-01
1.094629275871157881e-01 3.384193462164646782e+00 -6.139370414180197466e-01 2.640565859249545677e-01
6.559127092328445596e-02 2.968195497013646822e+00 -5.851916370134485623e-01 2.742270640410131577e-01
4.120462356348347788e-02 2.933851523081708379e+00 -5.026534087352206859e-01 2.679647824555585478e-01
7.856492094715784857e-02 2.282217584373894770e+00 -5.697164453053539246e-01 2.643441301381781461e-01
1.089416299879508027e-01 1.756459690634363469e+00 -5.424504838077912616e-01 2.528191590203783257e-01
9.761959304398994119e-02 1.855414969785905921e+00 -4.283465207484437043e-01 2.545088456904962548e-01
4.014226033086378681e-02 2.668032681073388979e+00 -4.948545285925788906e-01 2.677536644255466558e-01
1.518506079974381029e-01 2.243482574634813709e+00 -6.019252422821917969e-01 2.644429044264197115e-01
7.098348080568031571e-02 2.447850202593373048e+00 -6.309196231617486550e-01 2.733426872569214017e-01
1.290687413171149045e-01 6.496878638384819826e-01 -4.043121349702057943e-01 2.219455777964193244e-01
6.656668969297006855e-02 2.235258353498907891e+00 -5.094124195828119150e-01 2.639944138569938481e-01
1.054626524144155197e-01 1.995583257456068349e+00 -4.028336114744207053e-01 2.550603842712424463e-01
9.534895663466527727e-02 2.032471920257132414e+00 -5.285740449539514385e-01 2.634524474698832774e-01
6.793164006821353351e-02 2.615897036841242862e+00 -5.441085476007435640e-01 2.672180353679190490e-01
1.241361960348357218e-01 1.351072494833295279e+00 -2.996308207137675650e-01 2.311312522026812977e-01
7.335240675406413946e-02 2.044478342850709396e+00 -6.132469468763609433e-01 2.687068891696596240e-01
8.511309345990461517e-02 2.148065911488143520e+00 -5.250016157750965196e-01 2.625068721275853889e-01
1.214406858408788870e-01 1.349443281136589512e+00 -2.433498605229041933e-01 2.335802543241389528e-01
1.294480989294913287e-01 2.092350834508050816e+00 -2.589065246603107773e-01 2.446971171399611178e-01
5.472984899595170760e-02 3.212478089388804747e+00 -5.409200377005946025e-01 2.845035379089477789e-01
1.396562405079135871e-01 2.080144236560334647e+00 -5.192113499692450063e-01 2.840214741663127929e-01
1.362725973545280134e-01 1.670757334739069400e+00 -4.389446258365717890e-01 2.689545957280146671e-01
1.081638017996973816e-01 1.551815030321475053e+00 -3.986390998606783032e-01 2.440512298518799361e-01
7.186624090291784950e-02 1.120575586611216146e+00 -6.900215216327791889e-01 3.684994213562525212e-01
5.625228524054418783e-02 2.722861681664674016e+00 -5.110253059760705430e-01 2.872688183339059953e-01
8.874473003721689013e-02 2.076546719946028130e+00 -4.986212522534164693e-01 2.611457743186006430e-01
1.427713461239582537e-01 2.339945177585457614e+00 -5.782577521366550899e-01 2.503542281977229056e-01
1.064251767715491820e-01 2.380537207130151600e+00 -3.468482543548119246e-01 2.486536625940635181e-01
7.089167906050233836e-02 2.348765240798660336e+00 -5.143182610503850283e-01 2.665052338909322249e-01
4.645242142251446160e-02 2.571163203138166153e+00 -5.056968046055972943e-01 2.618292876349195275e-01
8.094655912124401609e-02 2.025663203081074393e+00 -5.165296214621536430e-01 2.725604350190179437e-01
9.090162976088683733e-02 2.091124261184439170e+00 -5.288944682956918664e-01 2.623966369611571703e-01
3.892221805613418212e-02 3.100712282323944802e+00 -7.743818765628068812e-01 2.965133520863371119e-01
7.097891391154244334e-02 2.370117863597849261e+00 -5.869039959071530310e-01 2.625980655232926786e-01
9.748422790885089007e-02 1.846909693786657147e+00 -4.832855629295431110e-01 2.631377030428853070e-01
1.348740781784861509e-01 2.242301065782486003e+00 -2.673175992700594916e-01 2.656499913441250360e-01
4.109009608979997952e-02 8.234128462809229276e-01 -4.362495940954109197e-01 3.680407801152526526e-01
9.784103264649225695e-02 2.449988916923201199e+00 -5.459611339215456605e-01 2.351187945317655126e-01
9.518690989965303273e-02 1.942902494805664126e+00 -4.528646960382460840e-01 2.540985228528966355e-01
1.232566234034406238e-01 1.520519992397320275e+00 -3.360227844701881850e-01 2.501255718991058363e-01
6.412629471924859159e-02 2.829896405814066540e+00 -6.148380588043591555e-01 2.721396935024077979e-01
1.048064841639384792e-01 2.027539911572811882e+00 -5.397415768976286943e-01 2.713797072952240375e-01
8.665220814952777351e-02 2.139732748531618434e+00 -5.173554470514382109e-01 2.629026276016474539e-01
1.184934866217323690e-01 1.926732322474429271e+00 -5.584896215076843307e-01 2.618216633810097616e-01
5.231851909560606556e-02 1.251845416709167047e+00 -4.453845875039688096e-01 2.918450697731185817e-01
5.480540782113079573e-02 2.643622033694978501e+00 -5.059887518080905533e-01 2.675467150852097187e-01
6.828678612009206339e-02 2.536227475035849555e+00 -5.799412456165199403e-01 2.618648331272226404e-01
1.271208692776669147e-01 1.498441659556664085e+00 -2.924844619743368623e-01 2.479941015092206602e-01
3.336361921780690160e-02 2.868035537988289807e+00 -8.351195527178982836e-01 2.809113008977617287e-01
4.387759573302701249e-02 1.610792759942771823e+00 -4.691979384071923165e-01 2.638933656228988345e-01
8.581650943222640660e-02 2.171645372570079502e+00 -5.270700035311975951e-01 2.617316654412860655e-01
1.121211658000518807e-01 1.799511881238463396e+00 -5.057734398093459705e-01 2.715297367823450436e-01
1.174131638456935856e-01 2.188533929386950572e+00 -5.643280840916305996e-01 2.626814477790128666e-01
4.208704949062720690e-02 3.285212927770657210e+00 -7.870952648723736900e-01 3.001241114658548814e-01
4.204427823836096728e-02 2.455963760041758537e+00 -4.945132903832676896e-01 2.604913446533508870e-01
8.618159031359451383e-02 2.130685332859784786e+00 -5.257356666641553877e-01 2.622939291657787053e-01
1.150901527863434498e-01 1.310595962422346883e+00 -3.917175368197804985e-01 2.631118556473903691e-01
5.443192862629565865e-02 1.120303200295666102e+00 -7.939762213776577759e-01 3.703920395264797549e-01
1.354307969032782222e-01 2.663971217197805608e+00 -5.811684676500432634e-01 2.873846418416379778e-01
8.206321080715575644e-02 2.127101544666772703e+00 -5.427696345929268196e-01 2.640046226544040531e-01
4.695418518744401415e-02 3.352643680807793292e+00 -5.436122380956676103e-01 2.860815190805964248e-01
7.959847705187513001e-02 2.248832490630354730e+00 -5.484955506107800360e-01 2.639708722702694965e-01
6.911332328894743970e-02 2.422018366165034298e+00 -5.245342688496841266e-01 2.615337985375946750e-01
5.111070161071546575e-02 2.517433504800832722e+00 -5.856524123462971687e-01 2.565887489489662721e-01
1.400527135738598994e-01 1.453556437264304613e+00 -2.139887264217444351e-01 2.541498923110527830e-01
1.380447513731496711e-01 8.039834114577242286e-01 -3.113106377701986283e-01 2.397098998158372074e-01
7.189198941065823301e-02 2.283645457472299967e+00 -5.165337856472392852e-01 2.605114068794868731e-01
3.619037499975399225e-02 3.515664256741027671e+00 -5.442848969762662525e-01 2.874858100015512119e-01
7.862809337893945927e-02 2.328216185531177373e+00 -5.436020230007470033e-01 2.637760918290925072e-01
1.224680331814949896e-01 1.031753059369514558e+00 -5.255229689686536920e-01 2.167428846966756861e-01
6.315897359423919277e-02 2.671346276558221433e+00 -5.299604735407752454e-01 2.755681957299419005e-01
2.946989706009103122e-02 2.858714540766946310e+00 -5.051828484949744125e-01 2.538409128885492638e-01
1.032442642132589267e-01 2.710928496942497823e+00 -5.637615263668389609e-01 2.171691442468508815e-01
4.903138566593591430e-02 2.071157005792941597e+00 -7.351863090715788918e-01 2.763874930091688165e-01
1.533694369618137654e-01 1.101396308752806252e+00 -5.639456910149939217e-01 2.393114931241100973e-01
5.028744251248487562e-02 3.206380195809526601e+00 -5.340549257716042941e-01 2.890792311443382001e-01
9.136566058866575635e-02 2.093209661184552317e+00 -4.906622813016063844e-01 2.619270824742725434e-01
7.163875801918172248e-02 2.393434895895627523e+00 -5.828014859431862593e-01 2.662118507267781098e-01
6.963009154500544862e-02 2.180320195592595933e+00 -6.197921326508344375e-01 2.683891470408351632e-01
1.732032320613728638e-02 2.592911022414576383e+00 -4.728722029671826310e-01 2.308106006488560014e-01
7.809023605580137084e-02 2.303700300135655965e+00 -5.757237590769606062e-01 2.676091557850925895e-01
1.000635550384487427e-01 2.448250882845311338e+00 -4.143385623133776230e-01 2.429134717145030875e-01
6.775431048739662121e-02 2.628161500439041731e+00 -5.750371081903375980e-01 2.660210655617255560e-01
9.554107676429886287e-02 2.357743950970017544e+00 -4.476186164876139739e-01 2.486770981102428557e-01
8.296825312843553180e-02 2.195691396831791931e+00 -5.337881322921310678e-01 2.631451687560637520e-01
6.847444441744357513e-02 1.763317981290901670e+00 -4.980131653982654005e-01 2.980193935473589018e-01
8.707657992535051961e-02 2.136518213892210749e+00 -5.270681483200932993e-01 2.624621292385618254e-01
1.286966769340837646e-01 2.161515508771695959e+00 -5.642789517520806486e-01 2.603547166570607252e-01
5.413239329823545803e-02 1.869701485094445115e+00 -7.487347792157648119e-01 2.739646609935615373e-01
1.471681938869550677e-01 1.316642386691060818e+00 -5.676792439197112516e-01 2.353620606815559069e-01
6.685866975961789194e-02 2.529662588764841402e+00 -6.224542275652665824e-01 2.759908475296511954e-01
7.332324181553283304e-02 2.401751386486462359e+00 -5.293160326270002214e-01 2.615074789847077752e-01
1.644647671028806324e-01 1.648078540314613871e+00 -5.893695967595570240e-01 2.966703832992667600e-01
9.727869529077970423e-02 2.003938995108160981e+00 -4.535023922583102940e-01 2.608783279099853858e-01
1.245494773441558900e-01 2.931388043841882673e+00 -2.351447934255399552e-01 2.117012088877472109e-01
8.782401268588203858e-02 2.117924637966305923e+00 -5.259688701794152932e-01 2.627514510789138447e-01
9.955369365698374384e-02 2.222050468522963840e+00 -4.254809444254995521e-01 2.584934303268078826e-01
9.727729565697693093e-02 2.599380902149706518e+00 -5.563582907786370768e-01 2.310988427871951134e-01
5.241759227108568064e-02 1.462296285709446808e+00 -4.598531812726973089e-01 2.687129869382406389e-01
1.178967359542982540e-01 1.656721358696751079e+00 -5.154198635563265185e-01 2.690841722664685243e-01
7.161042748137691483e-02 2.451586703595038941e+00 -5.824933434036148050e-01 2.667563900390981235e-01
8.568294438392477785e-02 2.129741315682234237e+00 -5.229576184338848854e-01 2.621229842467910354e-01
8.229840276864233695e-02 2.162554272342089412e+00 -5.227130066374012785e-01 2.627198618768600280e-01
9.777118207762008906e-02 1.959078054809145097e+00 -4.527726834757123120e-01 2.590172252888799376e-01
8.773365357743050097e-02 2.171284593947334418e+00 -5.084643296777482391e-01 2.611116573275070185e-01
3.844465736989249177e-02 2.419221142332840468e+00 -4.984402125031005548e-01 2.682887300863385227e-01
5.856945421550800723e-02 1.863557547118693813e+00 -4.782317586236498053e-01 2.883903129102280971e-01
1.281142571711490763e-01 1.741549149500104310e+00 -5.435266950170769551e-01 2.615589120305912840e-01
1.079515850424569434e-01 1.894042316454501718e+00 -4.852850356685484146e-01 2.661780689037928638e-01
8.651050468035662022e-02 2.152292548895247126e+00 -5.266918450621859149e-01 2.622786531994796833e-01
8.699638877590834540e-02 2.107203113286269414e+00 -5.101792286611093186e-01 2.610120312214102012e-01
1.101910690605316795e-01 1.985047777431272475e+00 -5.502220734359188903e-01 2.622182263046379247e-01
6.046655570123396495e-02 3.091715271200547566e+00 -6.003706107718723706e-01 2.773486486962029041e-01
8.877822431151140281e-02 2.084886704385208844e+00 -5.250314758117096137e-01 2.626736280489619380e-01
1.048011584677220331e-01 1.896129738707953649e+00 -5.379033695980068863e-01 2.608958437634904537e-01
5.239452760617045735e-02 3.057271329051318709e+00 -5.224348558250092589e-01 2.642804434723026730e-01
6.273022388853552456e-02 1.831586430826070089e+00 -6.948645865579097247e-01 2.680101696685759927e-01
7.717477785587924244e-02 1.909815136868893592e+00 -5.086372443745363903e-01 2.819808981667755177e-01
7.641036710189701153e-02 2.327888834455159373e+00 -5.714053324671591882e-01 2.688432400261001609e-01
1.211691602730858019e-01 1.584434733792130512e+00 -5.417983318912735768e-01 2.552973228729233934e-01
9.635429323685344716e-02 2.372229192461766445e+00 -4.419668221622816140e-01 2.479072603183923584e-01
7.845031476375230461e-02 2.264843498037758085e+00 -5.602390892304213166e-01 2.639174352404576873e-01
1.374410934111398308e-01 1.307799925113864781e+00 -5.041122712848420395e-01 2.703505735010907629e-01
4.866334603974581396e-02 2.691722342747727037e+00 -5.045764289118708223e-01 2.728820348150736708e-01
1.024444781391491699e-01 2.531324098043665760e+00 -5.688158000683689597e-01 2.643995207734949893e-01
8.994715464711877662e-02 2.250903893225939534e+00 -5.368232387404061612e-01 2.629850400341138261e-01
9.450372457965740269e-02 2.251907455468319608e+00 -5.419206741320270471e-01 2.532403766361204789e-01
1.891211890384257577e-02 2.155069002937448186e+00 -4.431679265205345497e-01 2.517037214287284330e-01
1.078471963140444217e-01 2.399494122446747202e+00 -5.588386237452011018e-01 2.512230259399091392e-01
9.500192710200049129e-02 1.946622450219994471e+00 -4.541682440058958381e-01 2.542536627599499277e-01
4.741746215128999492e-02 1.529506653262049820e+00 -4.725686491340145290e-01 2.908295749905041028e-01
4.175751972627471387e-02 2.443429767941431852e+00 -4.924785996690718148e-01 2.662127381395641978e-01
4.899002587307124679e-02 2.396081888477852750e+00 -4.971556960517042878e-01 2.656116754524668888e-01
5.886867071622062242e-02 2.773927493948268985e+00 -6.418866196950154812e-01 2.663142655719686891e-01
1.158338714120449031e-01 1.409390255467441788e+00 -5.167217249693358827e-01 2.417549153021624486e-01
1.344952471667324456e-01 2.271091956114841270e+00 -5.829363254457717858e-01 2.685623898915816543e-01
6.609472399876206716e-02 2.526225436181227302e+00 -6.574189868604684017e-01 2.784519365815801284e-01
7.693702815467354239e-02 2.225183362765097428e+00 -5.676368913828265805e-01 2.631610985589570295e-01
4.094303597613486306e-02 3.101901209315493180e+00 -9.441600762123009138e-01 3.182022091847214185e-01
2.287288685300552238e-02 2.395794892942105125e+00 -5.406612385940875454e-01 2.283804403645893766e-01
1.110684593462808317e-01 2.217780278431450203e+00 -3.666140827321896500e-01 2.490282697387164457e-01
7.026536208710798537e-02 2.497337198089108590e+00 -6.386428065126006359e-01 2.715548615429471124e-01
1.173122252007153810e-01 1.135064244009234447e+00 -5.243165941926669626e-01 2.207945511730637356e-01
9.074462136445743399e-02 2.358928984288835906e+00 -5.398441727232817788e-01 2.478031762836499230e-01
9.649288467994830698e-02 1.784690300856275336e+00 -5.189402416811897956e-01 2.571112583020518372e-01
9.914525513905188270e-02 1.939464830898268710e+00 -4.448298966449866221e-01 2.585054769342235992e-01
7.456269740363684340e-02 2.357862975672666561e+00 -5.193007313983120099e-01 2.710695404223977811e-01
8.072994392426814658e-02 2.219896407472488953e+00 -5.287769080723768722e-01 2.611606648295454192e-01
9.675905936023715403e-02 2.464646971153642063e+00 -4.354799958439918295e-01 2.325850288930212117e-01
8.048867759191498383e-02 2.048898073473413461e+00 -5.171664307824803686e-01 2.664988859217151118e-01
3.758024425628444382e-02 3.490166441370653683e+00 -5.877788458012207506e-01 2.868778805295697509e-01
1.047243495183579065e-01 1.993102501777297864e+00 -5.397088309728906852e-01 2.599498628582911364e-01
1.075493560545403293e-01 2.001925257912313683e+00 -5.474461453693257873e-01 2.623949875689985944e-01
6.349922006950914355e-02 2.821443433637481846e+00 -5.884541377356573566e-01 2.684142624293946455e-01
1.266362485871218579e-01 9.516778090579869342e-01 -4.662806102154338772e-01 2.400320016281805580e-01
1.014604107475805400e-01 1.937345256665004678e+00 -5.133604892646967954e-01 2.679660105666868963e-01
1.064511853826471122e-01 2.150539633102503956e+00 -3.917101266509253055e-01 2.563102389993446306e-01
1.431790445512812759e-01 1.783303258963595539e+00 -2.571112480496220987e-01 2.767395551317997082e-01
1.461125197068782189e-01 1.844581395929060008e+00 -5.820681087171343249e-01 2.664309659807116981e-01
6.656010013434242312e-02 2.186110554844698406e+00 -6.385912145879866220e-01 2.695739181100981763e-01
1.023890822212512042e-01 2.181662566623073563e+00 -5.441682788151537276e-01 2.599146192187828941e-01
4.539857556926388954e-02 3.315151114438694258e+00 -6.421744234629569448e-01 2.738015370608656296e-01
8.483083185224012113e-02 2.146047883956911040e+00 -5.247238360285060299e-01 2.628607398490970248e-01
9.070324981764688044e-03 2.581531425658919243e+00 -4.711731344379110342e-01 2.305218631272225871e-01
3.950228090413057669e-02 1.278255085675481073e+00 -4.023582036706576104e-01 2.551150632466353541e-01
7.161136970049758466e-02 2.376580163996592887e+00 -5.216684029396341238e-01 2.632320563001288027e-01
5.738037043217820987e-02 2.464549514402565755e+00 -5.155263238970324569e-01 2.600940896797709345e-01
6.973609066983570137e-02 2.452806108463820856e+00 -6.318995559828645137e-01 2.754715956194401238e-01
8.615801423930632974e-02 2.117942152572853676e+00 -5.245633283500708011e-01 2.619010534729573902e-01
5.138542945249157529e-02 1.120916236510910657e+00 -8.116639551276354503e-01 3.713588444886156692e-01
7.802446018635171565e-02 2.243082571992267571e+00 -5.197007917271172506e-01 2.656320866371320588e-01
8.419094179714210757e-02 2.157720828512279976e+00 -5.244469400347485655e-01 2.624022989270075601e-01
1.031033774564751454e-01 1.612049499947909803e+00 -4.718561603249937231e-01 2.526276532818259035e-01
1.561207929110347559e-02 3.006931533048725846e+00 -5.710662274381035353e-01 2.404622257888842374e-01
4.192649974419985354e-02 2.310655302695933333e+00 -7.757094984058432452e-01 2.761651632674819168e-01
1.509568515700404623e-01 1.513917388614579362e+00 -5.664563513966894837e-01 2.705129332742666759e-01
3.196713713147481678e-02 2.864257182256445766e+00 -6.217060905705154017e-01 2.506951013258383321e-01
8.788337225741463254e-02 2.121445539250895962e+00 -5.268900773685722960e-01 2.624425257794371635e-01
3.489285575387050115e-02 3.497760438868616095e+00 -6.702710009868768637e-01 2.726255298783882286e-01
7.477092153063265301e-02 2.319864822855714159e+00 -5.783121582686485684e-01 2.658450604665319461e-01
1.246600478858359284e-01 1.248902611010956454e+00 -3.977350532948816797e-01 2.646100302197513243e-01
3.099317904763559256e-02 3.570355826697108270e+00 -5.827957250346718077e-01 2.761954610802467847e-01
9.888210796690231896e-02 2.298467203026962835e+00 -5.498376248376494191e-01 2.489964420291986835e-01
5.242531788089747208e-02 3.170739204023799829e+00 -5.334792558464286349e-01 2.884842348495682551e-01
4.810200731534882562e-02 2.402070267651024604e+00 -4.965058946897669689e-01 2.656886482626382717e-01
4.736981040901870610e-02 2.712819327327553154e+00 -5.045231047034061111e-01 2.725552879524194561e-01
5.169235202914569671e-02 2.682952332122007455e+00 -5.016505760516580814e-01 2.754585778779591876e-01
6.815081334888076214e-02 2.693545921538134102e+00 -5.444587778016732882e-01 2.755068963807820737e-01
9.195307512526174065e-02 2.204726490164515607e+00 -4.828195805231051407e-01 2.588778159704391846e-01
6.486852600417010450e-02 1.426589184385090636e+00 -4.665486664075174095e-01 3.307463841077388778e-01
1.013009973009115494e-01 2.170605549127883727e+00 -4.409719863486382674e-01 2.638323904100078887e-01
1.311224360999897476e-01 1.705504172265138063e+00 -5.414089563554848050e-01 2.624276103983814723e-01
3.229332533322992055e-02 2.546978429079195916e+00 -4.956215044220890764e-01 2.646035131054332856e-01
9.648292229953971122e-02 1.903930473737605711e+00 -5.201910364496042938e-01 2.634763252823900115e-01
9.053894121401098727e-02 1.995954403144267530e+00 -5.177785836311078471e-01 2.597500594301893617e-01
7.241863232704351394e-02 2.267791498470044687e+00 -5.919362594371649910e-01 2.635875059662033948e-01
5.420660768571915200e-02 2.540889561190125434e+00 -5.048481938165635396e-01 2.649258938600753677e-01
8.433454136948381752e-02 2.170503847410337972e+00 -5.280164548343448949e-01 2.631162674031228277e-01
7.567283265288703153e-02 2.334455944847906306e+00 -5.218801576101089745e-01 2.643068456631322838e-01
7.538412312428517670e-02 2.485771029989999992e+00 -5.524446241243810007e-01 2.718775726856275110e-01
6.939700591496887616e-02 2.583047334151123309e+00 -5.702719762911648838e-01 2.657047175689483676e-01
4.487261407145565206e-02 2.583117175019674860e+00 -7.114807745785208803e-01 2.610382138149849318e-01
1.222675785516332270e-01 2.042851641738604229e+00 -5.620271485539483081e-01 2.648183911473279140e-01
7.800843555919878547e-02 2.272511221322695452e+00 -5.626195629982868596e-01 2.640148339929505594e-01
3.075896019470472642e-02 3.122650754098296400e+00 -4.813778751217662744e-01 2.840300485686503840e-01
7.592357924902845556e-02 2.367256584542086983e+00 -5.952974958604705380e-01 2.678818955678453628e-01
8.972670393782056220e-02 2.045032081602425222e+00 -5.117054184601547151e-01 2.627203812791265580e-01
6.393267333443866662e-02 1.905031711844606068e+00 -4.944086411574971085e-01 2.737935577187385339e-01
8.817417557288559360e-02 2.268986147283020394e+00 -4.959063015954335851e-01 2.499214748390820029e-01
1.093324539622517189e-01 1.569865358526679966e+00 -4.332938238529536745e-01 2.647498704685373183e-01
7.318795893580599954e-02 1.913300837736865434e+00 -6.120079977044760033e-01 2.779876755852388470e-01
1.321341486448975311e-01 6.287879638612881017e-01 -4.973221128410932335e-01 2.420165566528984236e-01
7.728436902447656520e-02 2.132163970101532691e+00 -5.170433495491966180e-01 2.640743208210629689e-01
8.400934647470728600e-02 2.158845382524360978e+00 -5.303439294715081020e-01 2.625899186910741201e-01
9.513663888495925425e-02 2.001552331506669447e+00 -4.674798543053105826e-01 2.595864780717709319e-01
3.043175455531656887e-02 3.558805648667613397e+00 -6.914265704952656799e-01 2.900860862774902738e-01
7.590601331233885751e-02 2.438691321034371029e+00 -5.352040325633099505e-01 2.694485583428666287e-01
1.250411737924060906e-01 1.833346725656316512e+00 -4.601235016552254198e-01 2.660024620470012868e-01
1.339435014239941657e-01 2.246200811782391504e+00 -2.721231588982128136e-01 2.654402041168049675e-01
9.213826599051633259e-02 2.206171562035786682e+00 -4.816986627342078608e-01 2.587827092849213084e-01
1.259734232295692258e-01 1.904453805014956203e+00 -2.772897503887006287e-01 2.429294672786702636e-01
6.191097259085660831e-02 2.951955025127074528e+00 -5.945631136947772122e-01 2.930229347750322733e-01
6.375045316987205946e-02 2.956847026460291517e+00 -5.257770595819104553e-01 3.010579741840845314e-01
1.062258509627122538e-01 2.314606348003303005e+00 -3.967065557755128369e-01 2.516093563032676395e-01
9.788802979457958409e-02 2.250865288865766978e+00 -4.469515910494824551e-01 2.558625584843275957e-01
6.849760758260860227e-02 2.682115774427598076e+00 -5.440327679026496499e-01 2.752001289613495438e-01
7.126816050059849028e-02 2.554356026399899893e+00 -5.469988130437035689e-01 2.716060295552011339e-01
9.537420814490044085e-02 1.927451443537730347e+00 -4.481676115575657926e-01 2.547824146391101108e-01
9.094421278814775189e-02 2.105161074912675900e+00 -4.894253117290336963e-01 2.603534560172601209e-01
6.840079096566108185e-02 1.704795841838782078e+00 -4.845613470061856942e-01 2.784168281474899143e-01
1.136359879452941285e-01 1.557658146496534224e+00 -3.745835036420439579e-01 2.481437150235039080e-01
7.446427868447431930e-02 2.135018963937806546e+00 -5.130206748855341559e-01 2.639508316332611071e-01
6.917904677204662900e-02 2.195108091986495147e+00 -5.286079726020971314e-01 2.553058738917560744e-01
5.993051744433933875e-02 2.480066277004068453e+00 -5.138336722552198088e-01 2.637845441939017932e-01
6.611524759781653438e-02 2.457629841843979257e+00 -5.128935334954087821e-01 2.654053843070301455e-01
7.251680102389952698e-02 2.125276329347712601e+00 -5.099444174150631337e-01 2.596829595902589993e-01
6.123602236295930951e-02 2.814770468721406793e+00 -6.468094064088616424e-01 2.636738047493057402e-01
1.236449934586099919e-01 1.397985928354526619e+00 -2.374728032054858051e-01 2.480530835300722159e-01
7.292957308282195517e-02 2.393960049755297081e+00 -6.087354212921701757e-01 2.665321620444545125e-01
7.723984578848863691e-02 1.937171967894928404e+00 -5.858761635631373199e-01 2.832972261739543085e-01
7.703802495634637371e-02 2.428090195396564788e+00 -5.477556617341911016e-01 2.702647106514672326e-01
9.951972121900246049e-02 1.812673710489616230e+00 -4.135401063431168867e-01 2.534426891511790125e-01
8.242677400547951394e-02 2.228806715754941159e+00 -5.366148080733824655e-01 2.648907723759809096e-01
5.321968968114116488e-02 2.866621885723684926e+00 -7.081203844758421351e-01 2.805904842240682373e-01
7.411315395950070217e-02 1.750434310940435445e+00 -4.986403051845089696e-01 2.904996197478957320e-01
5.868093002661976809e-02 1.562681415147389785e+00 -4.798795610882157225e-01 2.850510534594358214e-01
7.962937425328898977e-02 2.222088534655861647e+00 -5.208671103741493447e-01 2.648598261261062015e-01
6.568576961175109918e-02 1.763802365084594426e+00 -6.670379779863498948e-01 2.877748832923049394e-01
1.134514696248851984e-01 1.783757605847901218e+00 -5.378764099610343630e-01 2.613303312800233646e-01
1.254014932484536493e-01 1.418898135594858001e+00 -5.413151466836458869e-01 2.470893383308194191e-01
6.875681618272229401e-02 2.423104416191053545e+00 -5.208311176000983700e-01 2.634214950385191933e-01
1.367734849128074415e-01 2.821439208129875365e+00 -5.903401655212792143e-01 2.323172984162871768e-01
9.941792535884946824e-02 1.899732037233474280e+00 -5.252589360112683847e-01 2.632372531006461069e-01
9.868443933736763263e-02 1.832666673906105714e+00 -4.198587795427379810e-01 2.539112511956709284e-01
5.163585600926430541e-02 2.683834808517519210e+00 -5.016097542748093607e-01 2.754771897727580354e-01
1.783713854124988063e-02 2.038852190901369266e+00 -4.403186233213102208e-01 2.470298126147486284e-01
1.203798677813716911e-01 1.594046019543811976e+00 -3.109182608103739365e-01 2.549117747985003568e-01
7.800372187741465291e-02 2.344693813204385080e+00 -5.454901227118255091e-01 2.638170870879180119e-01
7.785970173246239967e-02 2.344500686378432341e+00 -5.330821243740662130e-01 2.644432785010568110e-01
1.298038397602361005e-01 1.508411435882585749e+00 -5.497092858258221248e-01 2.522987163563820689e-01
9.238160180201238081e-02 1.949461120975458428e+00 -5.167699583756598658e-01 2.604543970916827211e-01
5.249768010474423902e-02 2.879226109661296551e+00 -6.648426168014995863e-01 2.612117316919623788e-01
1.093460354846736149e-01 2.865005917149417769e+00 -3.211182570046764440e-01 2.018439606183566326e-01
7.958113574851079230e-02 2.004876586710193642e+00 -5.116592908747328305e-01 2.677355605559733620e-01
6.699383178348880530e-02 2.439902462651401649e+00 -5.154072153605926410e-01 2.690010304328083190e-01
6.636971217666143286e-02 2.338621498208616423e+00 -5.139708961379434449e-01 2.625723897084889513e-01
8.924485064028536696e-02 2.309384237848274957e+00 -4.860715815117457872e-01 2.456234083334998819e-01
1.192466642185881220e-01 1.301427930097736496e+00 -3.541558267362437951e-01 2.412454158779565039e-01
8.792750096992141273e-02 2.164750151268614253e+00 -5.050310058595625096e-01 2.616952379849252219e-01
6.733704112525877583e-02 2.110878571378949964e+00 -5.072245581412760940e-01 2.659155344534725463e-01
6.235138881228857732e-02 2.115858435338741295e+00 -4.978624085711708114e-01 2.628896458529224600e-01
6.813123017254472946e-02 2.512784033490637725e+00 -5.312831813255958213e-01 2.611147039663505032e-01
1.006324426097717911e-01 2.168968348177420236e+00 -5.438925998298201892e-01 2.627054943151003186e-01
4.599444448783856360e-02 2.071455787541476301e+00 -4.813467878313569259e-01 2.677457258947806285e-01
6.556827834232799301e-02 2.968782479089753679e+00 -5.852588242972265320e-01 2.742417200947781519e-01
8.894344677818206979e-02 2.072384242222427009e+00 -5.263321551248058006e-01 2.617000465780157659e-01
1.188347090990756749e-01 1.976802442829716400e+00 -3.181042402754866716e-01 2.439476039733126933e-01
1.203325589151655051e-01 1.679603003429434249e+00 -3.015799151317732352e-01 2.463506129332168060e-01
6.608981112390555079e-02 2.523878057435883893e+00 -6.563463564246145854e-01 2.691384144999351413e-01
7.430014193156439517e-02 2.386690113475795183e+00 -6.039036916841441505e-01 2.702669792194086762e-01
7.911228948560404539e-02 2.033966809543980681e+00 -5.107021454721294429e-01 2.619554598866496442e-01
2.131125540026536369e-02 2.990370561899407420e+00 -5.713836519228987498e-01 2.409006858301918630e-01
4.664559682691809400e-02 3.365704391881930935e+00 -6.849051151934502091e-01 3.050877030318076555e-01
1.268674559000966262e-01 1.315888519876166285e+00 -2.303823391625104411e-01 2.274748145137857891e-01
1.054669819248694046e-01 1.968209653645597967e+00 -4.147030849464926061e-01 2.605994399980841036e-01
4.106890141477572559e-02 2.055419596091176082e+00 -4.817563714759587890e-01 2.716205780873479636e-01
7.386743083393156051e-02 1.926659984044027052e+00 -6.070795708973272253e-01 2.771040487976303979e-01
8.217565427485480634e-02 2.195456055559296349e+00 -5.373996758158385845e-01 2.624803095650580231e-01
5.153262768637002084e-02 2.984941978565356813e+00 -7.366737293592634517e-01 2.674494392427295697e-01
1.048784993324552717e-01 2.449841137413322656e+00 -5.652766223023669712e-01 2.623772774831411581e-01
1.241012956414862534e-01 3.321178852794586689e+00 -5.857990963703280096e-01 2.136681518648336497e-01
1.204478916401280492e-01 1.615724413024385964e+00 -5.141992913905346629e-01 2.695958678058650859e-01
6.917867986255031576e-02 1.256260990348942563e+00 -6.768275814620381414e-01 3.453130408095875792e-01
9.100210099702439603e-02 2.214440102838986402e+00 -5.356794972977226843e-01 2.566543754186581539e-01
6.082070478065240704e-02 2.778649789767428047e+00 -6.113069620726191422e-01 2.648384873308753384e-01
4.690066041240615463e-02 2.239744975292296214e+00 -7.462469818923320730e-01 2.732123357183968149e-01
3.442309608482163608e-02 1.949843163511941757e+00 -4.738344418293082283e-01 2.720678600106625211e-01
3.270848628278359010e-02 3.562398272688923839e+00 -5.908402590276430333e-01 2.866885895533315409e-01
1.012331423962639920e-01 1.941626961208498203e+00 -5.355319952214000478e-01 2.611885684765005711e-01
1.615710234068322426e-01 3.671757655389231711e-01 -4.641614889687128431e-01 2.443874817639703212e-01
5.888623160728680139e-02 2.872088160883484509e+00 -5.044119571409693137e-01 2.875906135264743035e-01
1.013469998340961048e-01 1.955559212741811548e+00 -4.296282557099007082e-01 2.603095108763338605e-01
9.774732927759784140e-02 2.028554008400858866e+00 -5.337094767285245345e-01 2.640610046050922977e-01
3.112666800964688368e-02 2.984215846478482259e+00 -8.183439706517552370e-01 2.817982127155252425e-01
8.754393027131493477e-02 2.092783210731743893e+00 -5.139984134949533434e-01 2.616915649362902552e-01
7.068488310626352966e-02 2.571583908711672084e+00 -5.479767315631646207e-01 2.719973175119518860e-01
7.896521263657596545e-02 2.212202075791677380e+00 -5.213359528778613861e-01 2.625102737022431687e-01
1.176099566332348412e-01 1.833397233019379291e+00 -3.145947481247947097e-01 2.593719725700206480e-01
6.549843742330595242e-02 1.434219191362229084e+00 -4.755157722304582113e-01 3.122077112398894960e-01
8.017822235067741110e-02 2.244390309572024567e+00 -5.225838821681224600e-01 2.667284642798665173e-01
3.912344509655448638e-02 2.685615729068850044e+00 -5.031982041569958986e-01 2.676450572151339857e-01
3.869423012064739792e-02 3.553400111388312688e+00 -7.628181383341903210e-01 3.127453788536526669e-01
1.078734706924015102e-01 1.889914292347405933e+00 -5.329348305482742854e-01 2.646789518695771837e-01
1.033897330580473978e-01 1.986210504139416910e+00 -4.258104801876089196e-01 2.607988948991397660e-01
1.076612752483939728e-01 2.473200361687130311e+00 -3.548017962693792438e-01 2.563560227496680111e-01
1.912059672847181424e-02 2.998644249013636465e+00 -5.714084947399591385e-01 2.406860125869961786e-01
6.844970547915199544e-02 2.480927804279816407e+00 -5.159480128681034339e-01 2.757882693339669400e-01
4.004027430307823682e-02 2.840506051634883455e+00 -7.702225734180881966e-01 2.749024722245915209e-01
1.175213736143395082e-01 1.176559133761538867e+00 -4.744394393888699546e-01 2.432740116475037295e-01
1.309877125051950308e-01 1.350018963224976831e+00 -5.341641555292074850e-01 2.633604220945344743e-01
1.302879005850015870e-01 1.174830706304703209e+00 -5.508249678829940654e-01 2.226105664640523618e-01
8.382413787687982565e-02 2.188856080712365149e+00 -5.257104645046614122e-01 2.630205033369978906e-01
1.132614422526573295e-01 1.595099863843878474e+00 -2.876637147622049806e-01 2.333520445447455072e-01
1.467176735446300284e-01 8.378714369265807260e-01 -2.330227174250411037e-01 2.254348974628502533e-01
1.049235636494425111e-01 1.991682754061801175e+00 -5.398698967839616891e-01 2.599418651702635197e-01
9.778975355227192967e-02 1.866189731106437932e+00 -4.896186115889960555e-01 2.634543195167559082e-01
1.075935897752008236e-01 2.391136274976064513e+00 -3.384058702985316414e-01 2.481100538698476632e-01
1.048158297391952876e-01 1.725406088961632278e+00 -5.170054482903565507e-01 2.639414489616708215e-01
5.207187758683638756e-02 1.760726978911972607e+00 -7.528665073138156583e-01 2.858643188983476802e-01
8.903894313012061801e-02 2.020605145703870065e+00 -5.204146869015827681e-01 2.594818790603736769e-01
4.841331673763640819e-02 2.399962208620743720e+00 -4.967336088009308148e-01 2.656616782398374954e-01
3.739349687790034099e-02 8.775977837635058343e-01 -4.076940220846416718e-01 3.084820001495813813e-01
3.402149948328991175e-02 2.001757452006672100e+00 -4.717652882340190312e-01 2.572977279555148100e-01
9.018462696256296374e-02 2.047541225222024863e+00 -5.278962063036561903e-01 2.587162522507939766e-01
8.738533470071989384e-02 2.076527077716598946e+00 -5.142052111960158101e-01 2.602799517644941441e-01
3.998985015515024027e-02 1.816868905488233654e+00 -4.695231661486718444e-01 2.667224698492583479e-01
9.268593954191273188e-02 1.885637935393952080e+00 -5.034124775426729315e-01 2.552241415281339409e-01
4.082979446174540145e-02 2.702630064948180699e+00 -4.989266107100630565e-01 2.788435030322711228e-01
8.306706407765454547e-02 2.122437897140315943e+00 -5.395279335120783948e-01 2.629918825259174864e-01
4.498180379101313769e-02 3.102896491291785797e+00 -5.070420282990827365e-01 2.697647913780116258e-01
4.487214262555679761e-02 3.545680209647604109e+00 -5.519773956028803941e-01 2.812958216807484035e-01
2.570662678824579828e-02 3.678536522001972120e+00 -6.071455096481594982e-01 2.928925743635299450e-01
1.092906572184327713e-01 1.375008796379181053e+00 -3.831675468267941587e-01 2.317066373882356312e-01
5.624660271685148760e-02 2.722972528351256916e+00 -5.110229002743694737e-01 2.872729474028701269e-01
4.423730222665925305e-02 8.942722475612527866e-01 -4.391284541787985329e-01 3.646164695771973441e-01
6.335772163620453923e-02 1.383323848404654832e+00 -4.637269820433681522e-01 3.340816110571835362e-01
8.164777502173252433e-02 2.254667102830643088e+00 -5.399957945371068879e-01 2.662020345133084276e-01
8.543361087228458495e-02 2.139009587168538395e+00 -5.231072026355523263e-01 2.622842065043448634e-01
7.091879241060450312e-02 2.190489761135534064e+00 -5.282456985975987340e-01 2.560694781898120720e-01
8.328210178556974541e-02 2.103936814951792300e+00 -5.382808940722317859e-01 2.669742190803906512e-01
1.373504253360679495e-01 1.355836806012820084e+00 -5.565776076665968075e-01 2.462623430240865052e-01
5.679582283254706876e-02 2.106025447406229656e+00 -4.942558618164537010e-01 2.669920952221729316e-01
6.335153099796339560e-02 1.643939609317627948e+00 -4.896483128519950045e-01 3.087787663493679058e-01
1.042348254823574072e-01 1.479762273610003565e+00 -4.702032185797736519e-01 2.438964393566722955e-01
6.698183655210794563e-02 1.788443363601885272e+00 -6.577055667392761595e-01 2.861024353912374196e-01
1.439962347457195424e-01 1.177076546773041743e+00 -4.992652272601301178e-01 2.698333952264154734e-01
1.085589821289471429e-01 1.521325588018826114e+00 -3.538779677991523709e-01 2.353825771998857563e-01
6.912022248471065555e-02 1.565872845780748701e+00 -4.849007069625606570e-01 3.031173718745545642e-01
3.310602557749239144e-02 3.004443961029013899e+00 -4.990090356301007946e-01 2.666374084805600009e-01
1.032799899209219802e-01 1.835728848997768115e+00 -5.253535129226006850e-01 2.635183650448221782e-01
1.186776557605369875e-01 1.797772367242797653e+00 -5.456639819572813854e-01 2.617346975431106837e-01
4.368055107500191242e-02 2.312777536439262871e+00 -4.912881924214642648e-01 2.654334694275981565e-01
7.658062979136885662e-02 2.362158166585447638e+00 -5.617463685141205199e-01 2.666860086899830451e-01
3.130573458652111118e-02 3.573218210543616991e+00 -5.436583683783359211e-01 2.875912536153282795e-01
8.042866693802579181e-02 2.276430282416904483e+00 -5.268307656329709321e-01 2.647858865447400012e-01
1.127588697970176301e-01 1.802565406082347499e+00 -3.393997883624381151e-01 2.474057623095393676e-01
7.466231629974567907e-02 1.918425822034637518e+00 -5.073083853232757123e-01 2.715947140725184505e-01
7.157925967110309595e-02 2.045289742281867440e+00 -6.063033263749150192e-01 2.693822190331746080e-01
3.493726531135544350e-02 2.323997660300235246e+00 -4.812997625919785416e-01 2.628402853859404531e-01
1.363576587478284030e-01 1.328747368169775012e+00 -5.048543541388501588e-01 2.703960597133485133e-01
6.686935993785794730e-03 2.788875349760123967e+00 -4.754458331694331186e-01 2.555069909880097190e-01
9.714813118109005829e-02 2.015109999143390507e+00 -5.044552277310677679e-01 2.642110453653774282e-01
7.539420354613586561e-02 1.934881320317477726e+00 -5.085889800589263876e-01 2.709573967850668064e-01
3.039304628152657284e-02 1.391731212644585325e+00 -4.095649684606373353e-01 2.624478530131530984e-01
1.144479898207834967e-01 2.419070941804399411e+00 -3.305385500203827931e-01 2.485683400804440668e-01
5.290013173584826034e-02 2.866811064359926053e+00 -6.493976113846404719e-01 2.545650169533765217e-01
1.335132485656826407e-01 2.379026447876821493e+00 -1.939409690375676898e-01 2.492270828393609861e-01
1.005252677480184265e-01 1.607925657731405167e+00 -4.810401028180318339e-01 2.475921006272474023e-01
9.474705624487075872e-02 2.041824811129535622e+00 -5.085401226724450829e-01 2.638777543761593458e-01
8.057853273020415541e-02 2.115519853264967942e+00 -5.517610361083508108e-01 2.647694892800907529e-01
6.874533232765436819e-02 2.314831530403379745e+00 -5.152986521882072513e-01 2.626455412910275178e-01
9.847121314127485481e-02 2.341817160950858234e+00 -4.230642311771521946e-01 2.591618698278775890e-01
7.367049335931588616e-02 2.204491199853548355e+00 -5.153017831511979008e-01 2.633676317841919245e-01
8.071699610335257569e-02 2.171465187250257944e+00 -5.214624579571551788e-01 2.627913671536185602e-01
9.461858319824517638e-02 1.888523029330706038e+00 -4.966100678883742514e-01 2.590520072567437659e-01
4.219129494656158330e-02 3.201916165191668995e+00 -5.218747284411618947e-01 2.653817032444829582e-01
1.114182392602581784e-01 1.527346397525955801e+00 -5.184476462875032832e-01 2.687789621147798069e-01
2.311370554905159413e-02 2.787706708465312655e+00 -4.808765389870792162e-01 2.537628363850830127e-01
3.335236326486116371e-02 3.300178727526675182e+00 -6.684625351816734229e-01 2.593266282907168985e-01
1.021798544122518998e-01 2.283491115509308500e+00 -4.212265496946621668e-01 2.537104620246431463e-01
7.609062620518079745e-02 1.949523489481765681e+00 -5.097196241327710542e-01 2.703956320324957807e-01
1.148658005308701019e-01 2.982115438870967417e+00 -2.850243933642289673e-01 1.864733961489742353e-01
9.653504569339638186e-03 1.370942511725614210e+00 -4.102123095494577543e-01 3.283207003895117215e-01
5.607535216676196033e-02 2.271282465649472559e+00 -5.009984333587360616e-01 2.647798681933102860e-01
1.174825709618184250e-01 1.386418455205323141e+00 -5.374902566221425593e-01 2.522389499365186860e-01
9.014712710867474332e-02 2.040524180906155838e+00 -4.860737758032542266e-01 2.585190585007126618e-01
1.181123427735314424e-02 3.374988552454829538e+00 -4.913965921992803909e-01 3.093457927038938404e-01
7.674297100054906784e-02 2.320971408223267751e+00 -5.696114638898750471e-01 2.685969499651656989e-01
8.420362008257187281e-02 2.169182215981382278e+00 -5.311676579413171506e-01 2.629881716803364466e-01
7.205214488100264436e-02 2.299957005743471949e+00 -5.205725041859375901e-01 2.618436373845646203e-01
1.180011068575044231e-01 2.442348510758714397e+00 -3.095292618401587204e-01 2.466372741166396043e-01
1.037767222315022081e-01 1.630909789581029168e+00 -5.178100738972019057e-01 2.530617394225914696e-01
8.496911009886382038e-02 2.150613959436698419e+00 -5.249852004590119803e-01 2.625261638327925917e-01
8.494593599828993702e-02 2.150901461323248220e+00 -5.252812746346757766e-01 2.625178064380591647e-01
8.886875350007923668e-02 2.141793310862069255e+00 -5.011158837197162708e-01 2.610187446553196011e-01
5.914478096899174198e-02 2.308667395660380706e+00 -5.892892928001500774e-01 2.533576948626807823e-01
5.447654692807848975e-02 3.166113061460047007e+00 -5.757789440836762473e-01 2.847133095453483476e-01
3.929426421902813826e-02 2.656468696121261353e+00 -5.075293254715979030e-01 2.561200218893548985e-01
1.278889305347649108e-01 1.438975126477333166e+00 -2.819564284945313415e-01 2.531486389710464469e-01
4.745599855581298515e-02 3.284730374745969961e+00 -6.351125565797266503e-01 2.722671531307480075e-01
1.696785467219186216e-02 3.479808956347734572e+00 -5.491765598778430846e-01 2.541295789842982211e-01
9.097559862338316927e-02 2.112818397519057978e+00 -5.096907873578518933e-01 2.647300803822973392e-01
1.665487154819733639e-02 2.058749892684381244e+00 -4.455573537717209542e-01 2.729479421996545696e-01
1.012741984887662317e-01 1.662509282236249053e+00 -4.769827707319703181e-01 2.537503361742490804e-01
9.522467079438201587e-02 1.950651699443600062e+00 -4.530402880872507199e-01 2.587644603128215204e-01
9.350885235820821650e-02 2.192006728742458055e+00 -4.670210315645807464e-01 2.601557005571750181e-01
7.636653083741684611e-02 2.218633807999899066e+00 -5.182069605347382479e-01 2.631682361826697680e-01
7.520089701343662947e-02 2.343737713326248695e+00 -5.217203450130724063e-01 2.644034480998042058e-01
8.023444012267451353e-02 2.278715803504869797e+00 -5.393672593513916258e-01 2.642002873686629671e-01
7.216861346682568179e-02 2.357537601359549928e+00 -5.152289128062860213e-01 2.668262418234640387e-01
1.091751312206051677e-01 1.438902668457063605e+00 -4.860185168691873447e-01 2.466821863652751690e-01
6.556553501721615329e-02 2.413856875227136545e+00 -5.111700654055443271e-01 2.710708791546710406e-01
6.682796557861531150e-02 2.483992288565077367e+00 -6.033269435499881705e-01 2.675908209553733430e-01
5.276113158990684143e-02 2.513093313347886326e+00 -5.804858994065889011e-01 2.572998741396901878e-01
8.408275528078809624e-03 3.147263089067882991e+00 -4.880812718144567630e-01 2.856928727223184694e-01
1.257054537757625601e-01 2.325111235831001988e+00 -5.598505639365901621e-01 2.525836998068458072e-01
7.270722736174360656e-02 1.820947425522155161e+00 -4.949682476209122939e-01 2.743018028404856090e-01
4.862913428010735839e-02 2.981994812628689928e+00 -7.448202024771968244e-01 2.834648697611962254e-01
1.034314756567308036e-01 1.669679750698432441e+00 -5.263689711233917601e-01 2.438171533503721289e-01
1.195984530396919099e-01 1.069345829227650979e+00 -3.512321045575355627e-01 2.259745505378518426e-01
4.863581288098470234e-02 2.977310169390821937e+00 -7.783574500936112361e-01 2.890808180205916011e-01
7.540970206144177734e-02 2.406266460070416002e+00 -5.797263035190928226e-01 2.703817143612177176e-01
6.139801161465562040e-02 2.659084826433852466e+00 -5.339232278312722180e-01 2.607877723852962681e-01
8.498996003117861853e-02 2.149730092433362660e+00 -5.250781745543466883e-01 2.625260457393592817e-01
8.248876103080302058e-02 2.201939418369847079e+00 -5.385834062377126141e-01 2.643367543738646686e-01
4.778673517786754393e-02 2.762626314857674181e+00 -5.033119302299804421e-01 2.700484022248804683e-01
8.246374701432150622e-02 2.146935476938165888e+00 -5.219261964078194538e-01 2.624817602039050124e-01
9.875413178824689331e-02 2.166527528211852793e+00 -4.540280974557222016e-01 2.636317394744564502e-01
6.126637913732276008e-02 1.674209258495019892e+00 -4.687377106964679685e-01 2.615176416709465435e-01
1.333010028555023652e-01 7.996739633690101989e-01 -4.618293149957963806e-01 2.382623989672583709e-01
4.719022197964484883e-02 2.303835236462842939e+00 -4.938544139658924692e-01 2.655204449481671225e-01
4.348455469855774802e-02 1.079600147390246567e+00 -4.121842297276353539e-01 3.074585126055056628e-01
9.816246287421964700e-02 1.915087452240938681e+00 -5.331437997892758407e-01 2.597459462757046866e-01
7.335595423019095063e-02 2.401051325807941783e+00 -5.293036821831895722e-01 2.615099968157122423e-01
6.663739931116666182e-02 2.397023876222992733e+00 -5.118490748376401944e-01 2.704181686474491086e-01
2.346766941894144060e-02 1.484345816288028974e+00 -4.133082033741909411e-01 3.234368817652693018e-01
1.452735200733937804e-01 2.010071298236184134e+00 -5.188360078427292077e-01 2.883073383858129612e-01
4.157645300528687443e-02 3.370753538784502457e+00 -6.551632450482439696e-01 2.766705008665991117e-01
8.473215498304935422e-02 2.141773407247410610e+00 -5.244397216411348372e-01 2.631668683978491963e-01
1.375761538341576662e-01 1.629664993248000071e+00 -5.469073044166470332e-01 2.713612224425526187e-01
1.136073761979901342e-02 3.198588717848719565e+00 -5.035895759081689960e-01 2.682914021403412508e-01
3.044977484751118513e-02 2.489915059498224892e+00 -8.660797470843579760e-01 2.832640626731985911e-01
1.215896973619133015e-01 2.317920237994091082e+00 -5.558942722496524880e-01 2.532530632298205520e-01
3.076552916906342972e-02 3.000945661700326283e+00 -7.651276233384235459e-01 2.630110449484460711e-01
1.137167739812670747e-01 1.383159096642610830e+00 -5.442512589576701254e-01 2.285837009715531165e-01
6.435356132674591167e-02 2.303120638899816441e+00 -5.092095910956223603e-01 2.644330934556832213e-01
1.031613509012370838e-01 1.645619987514403082e+00 -5.015573000248002566e-01 2.534296500361808979e-01
8.734675838450428609e-02 2.152792500881664406e+00 -5.128823093829425472e-01 2.626912375098119923e-01
3.878842928417008257e-02 2.293140293432241794e+00 -8.009089783389803374e-01 2.784583258707120090e-01
1.183318855543407100e-01 2.707673318801397944e+00 -5.600272405098108974e-01 2.362823960909686272e-01
4.490416385309452946e-02 3.021924087339490583e+00 -4.961684597278763209e-01 2.790449988583106888e-01
9.917026869668305045e-03 2.924745325401465923e+00 -4.996263768566639452e-01 2.572507451342961882e-01
6.877796025706474359e-02 1.999222881922097406e+00 -6.478283208027950657e-01 2.707439480637333085e-01
4.324640934331115683e-02 2.404121619584097314e+00 -4.943004903833173591e-01 2.439413521278301633e-01
4.475158944492999002e-02 2.923818851295946430e+00 -7.240458113990472233e-01 2.733569454381293284e-01
6.440410382314998294e-02 2.127558614277887727e+00 -6.300278730884620870e-01 2.604877574314950484e-01
7.039164674278981793e-02 2.580250256952528520e+00 -5.484699450449600500e-01 2.721941368404475203e-01
6.119786543774638488e-02 2.628276984095788027e+00 -5.118809194839629706e-01 2.806688683032406151e-01
7.907719897394091535e-02 2.258321508607717298e+00 -5.507544893326512536e-01 2.641152307095012697e-01
1.086661470850895927e-01 1.521713968547905305e+00 -3.940045840136413569e-01 2.432596680668894229e-01
7.775743585140787451e-02 2.231456884204908508e+00 -5.374119673374712081e-01 2.615593315669612617e-01
1.230517725853425282e-01 1.552417885614993498e+00 -5.432331497990692259e-01 2.552158483474630257e-01
8.026262498177345883e-02 1.266960019967779960e+00 -6.277892113544732977e-01 3.560828257475830982e-01
1.314525239876608576e-01 1.384692215929032022e+00 -5.299504046191972906e-01 2.682577435756449691e-01
5.486296151515108327e-02 1.782647185407008061e+00 -7.274027477479096948e-01 2.676160940421787315e-01
9.821747932346448773e-02 2.291468180540761512e+00 -5.486312993171056362e-01 2.496404133539371073e-01
1.018253503720675662e-01 2.111318229432242344e+00 -4.206239342762749800e-01 2.562125982594659623e-01
1.476878451038275697e-02 2.490096197801999978e+00 -4.640879511745383823e-01 2.684390512816018926e-01
1.028263974459341368e-01 1.569375743556946867e+00 -5.142803504088933053e-01 2.542095051509392079e-01
1.017587575762129437e-01 2.603051499223108856e+00 -3.943047340697301562e-01 2.188550742866006427e-01
1.245019846124668927e-01 2.699655917846344177e+00 -2.279779534104065530e-01 2.537813922955217683e-01
7.301717017720532610e-02 1.780923170913411901e+00 -4.998957940049565396e-01 2.925208537083184290e-01
1.232648893847248794e-01 1.144840938818252107e+00 -3.756152086495000431e-01 2.644299792837611629e-01
6.938419138783052942e-02 2.487628378984273247e+00 -6.394813667170247129e-01 2.739809867174317071e-01
1.096306012412130160e-01 2.392255430702431962e+00 -5.684033189450466983e-01 2.609672422374918477e-01
1.444159898647883189e-01 1.396595187226181256e+00 -5.512448773838928284e-01 2.611037899988857824e-01
9.229571468866822059e-02 2.009445678562947535e+00 -4.729727859730823991e-01 2.599221797326360384e-01
4.476703217111779182e-02 3.558840145533497257e+00 -6.379306650628828734e-01 3.017804319589360573e-01
8.529889115038243042e-02 2.143591205240939157e+00 -5.227800326081974980e-01 2.622773763381309187e-01
5.804456500306178629e-02 2.339970248656999985e+00 -5.042694138040393348e-01 2.653287729293670738e-01
8.133539981533352559e-02 2.131792536393986914e+00 -5.500040656222141555e-01 2.635320675825780223e-01
6.817613525929736018e-02 2.615819508015868156e+00 -5.737958138025295307e-01 2.659462794588773327e-01
1.077295905189841613e-01 1.735461984602740593e+00 -4.268375178182475249e-01 2.561469083402660440e-01
7.077912038683094320e-02 1.624063628341156473e+00 -4.891385664571849534e-01 2.993217191814367961e-01
6.352587607164064676e-02 2.291113733862700563e+00 -5.036444119280217846e-01 2.630719800159983524e-01
6.557999407883378928e-02 2.550770271007214873e+00 -5.231778113775639172e-01 2.642258744638700807e-01
8.658495630410713295e-02 2.129710816968724885e+00 -5.260339501409390106e-01 2.623733359069360671e-01
8.907041143280235163e-02 2.075739726234768323e+00 -5.073675442362091115e-01 2.613561205797115261e-01
8.107819248228086140e-02 2.196861909018764436e+00 -5.478939919082469467e-01 2.630391614298592806e-01
8.611957137278794527e-02 2.149976686966439843e+00 -5.180398636963301495e-01 2.621794381895951598e-01
4.835478744983863486e-02 2.984805396854705251e+00 -7.492152816416801642e-01 2.840247299432622774e-01
1.194954235607329218e-01 1.295023855008847757e+00 -3.533850813674768165e-01 2.411811473590153021e-01
7.098113577376863326e-02 2.532813526724745135e+00 -5.407254601860825849e-01 2.663557555249392861e-01
3.921723363984176008e-02 2.948294876606707859e+00 -5.007797290408964042e-01 2.672763954791451679e-01
1.326543076666555354e-01 8.197682127062688728e-01 -3.876937449482976139e-01 2.527580240392308109e-01
1.312078988765900678e-01 1.698387803168069032e+00 -5.339849367479906350e-01 2.727497901464984720e-01
7.646821857789112831e-02 2.291681026190791837e+00 -5.694992382756034477e-01 2.652810782193795180e-01
9.112242368621840949e-02 2.103848293751697351e+00 -4.883601588983203512e-01 2.602863964546827669e-01
9.833360817580188984e-02 1.874604512326158101e+00 -5.256284030332323276e-01 2.611321196809234246e-01
3.791283139721111223e-02 3.013826110333566621e+00 -4.843486267211457030e-01 2.814269280371909376e-01
1.197896589490167196e-01 1.627100442733548036e+00 -5.145358307745845350e-01 2.695202089672679158e-01
1.213843914068415963e-01 2.205107944884515447e+00 -3.019973859329059263e-01 2.472254314445193057e-01
7.966983046798550849e-02 2.256324420939467501e+00 -5.627405635387050520e-01 2.669797802013970101e-01
9.326233610280773578e-02 1.978598590332566021e+00 -5.252197496323568471e-01 2.617979715634197180e-01
1.067857008428532983e-01 1.252355379904852573e+00 -4.414906403685209257e-01 2.327625889329296704e-01
6.656874517330105268e-02 2.235250623997676822e+00 -5.094140800040902750e-01 2.639942681669851798e-01
7.938232455438651303e-02 2.275666243544794298e+00 -5.662113594477433676e-01 2.666437519547707469e-01
1.045991839894958308e-01 1.815875061695714443e+00 -4.230812699370419816e-01 2.559521278027132030e-01
4.981417908778981718e-02 1.268143977407843570e+00 -4.204376849606612510e-01 3.042146228720387091e-01
1.380236159494225012e-01 1.492772587415607699e+00 -2.218762500210765265e-01 2.547206478621598658e-01
1.328566073781808909e-01 1.734257364871006235e+00 -5.627587965067263331e-01 2.638770636035844830e-01
1.068070408412425953e-01 2.352259543823790988e+00 -3.601344399998278045e-01 2.519933047192112752e-01
1.518282935465568029e-01 1.296129522952196078e+00 -5.687984739554805547e-01 2.574308598999358599e-01
3.305578016241746825e-02 3.126069530016260867e+00 -5.255466594762790988e-01 2.568994504034876614e-01
8.826493978495428272e-02 2.053419911637436535e+00 -5.153098315110349326e-01 2.609352449520346839e-01
8.026828954847468889e-02 2.197350116755385052e+00 -5.583217635420787417e-01 2.641975866241501048e-01
6.811136353828575740e-02 1.919625945462203553e+00 -4.918893354011163455e-01 2.625610136050627319e-01
7.129831655895146891e-02 2.378337590204461449e+00 -5.963578826646439568e-01 2.670049348981605175e-01
7.781323857148632339e-02 2.196840159504755974e+00 -5.185488434642077094e-01 2.619294717070669298e-01
6.395937855967402663e-02 1.986000067376811451e+00 -6.522244651136142046e-01 2.732377581623552931e-01
1.013737204170069156e-01 2.277270362196523124e+00 -4.260880347581714744e-01 2.541263968600585565e-01
3.020387631492007369e-02 2.499095937105732634e+00 -4.924696144143528298e-01 2.647815917561265331e-01
3.591576254247387523e-02 3.564893467656375492e+00 -7.768085243506255289e-01 3.087395896486259117e-01
9.775034474115888716e-02 1.901286665389955832e+00 -4.354369763558074147e-01 2.578227263428236604e-01
1.070378280185773218e-01 1.685037714539724396e+00 -3.656419421526493352e-01 2.466850071246371734e-01
7.203688337635336114e-02 2.231742263038514196e+00 -5.848555321983006650e-01 2.593187832287086048e-01
9.670446987368414016e-02 2.920014730841958617e+00 -5.649745133383495821e-01 2.419205477268102644e-01
1.395040145386506891e-01 1.855551329074146327e+00 -3.899623132119831026e-01 2.795392907817668138e-01
1.217378221287046536e-01 1.833724150038948508e+00 -2.582629221100529171e-01 2.462941702327670901e-01
7.757016157200012640e-02 1.976416190957950292e+00 -5.128588517981924610e-01 2.783827183287025386e-01
1.059249104173640016e-01 1.718026498702711180e+00 -5.264680659879504843e-01 2.604427618206004991e-01
3.367424209506344329e-02 3.469503735860524962e+00 -6.814730901529535423e-01 2.825776233905781254e-01
7.110943613655382189e-02 2.285672617641540505e+00 -6.219517480460557968e-01 2.676247740018066201e-01
6.750196782910317106e-02 2.276397398314138787e+00 -6.293725028710950298e-01 2.691284877426848299e-01
9.075616427294494470e-02 2.114089418397832709e+00 -5.292772625702824030e-01 2.651036192014019077e-01
1.069125469251555327e-01 2.648106846409850501e+00 -3.452018957591582726e-01 2.387778604231223789e-01
1.107261105725539235e-01 1.607037268365376637e+00 -3.874741136147501486e-01 2.435305129515877853e-01
7.080158066369980630e-02 2.252136309749363630e+00 -6.096263711002574137e-01 2.678828813356070038e-01
4.736856834337191402e-02 2.983626914797500973e+00 -7.961827206954265046e-01 2.907068255555405045e-01
1.142725985133862532e-01 1.474844990532642619e+00 -5.445049238185051266e-01 2.332036151082140796e-01
2.216146240314897931e-02 3.215180174235529709e+00 -5.229941966101874229e-01 2.590003389078416873e-01
3.530359902008529949e-02 2.002960805318461546e+00 -4.727875012193008541e-01 2.573036668438046237e-01
1.138187677860511143e-01 1.654990960489935103e+00 -5.257632368566372838e-01 2.642747552209248063e-01
2.986576501468830164e-02 3.126266559569778281e+00 -4.810964537133043395e-01 2.840296279218865183e-01
1.240172823042151595e-01 2.767010126216931987e+00 -5.700635377450283814e-01 2.338137027730585460e-01
7.537318302726545016e-02 2.177757195521857980e+00 -5.272473831065098704e-01 2.580183495449445141e-01
5.882294300373046986e-02 2.259853551338557143e+00 -5.033677443298539833e-01 2.646507055264699093e-01
7.006719184959563085e-02 2.244361925690616655e+00 -5.939497711506713795e-01 2.587818734725016445e-01
7.404235634173908509e-02 1.857272110017241573e+00 -4.982376194811433123e-01 2.729688659201220946e-01
7.739552912534140849e-02 2.139283456965611396e+00 -5.162882816049911838e-01 2.634888194495400016e-01
8.962776231705170404e-02 2.149919975630874447e+00 -4.962350943367180300e-01 2.611768128979710113e-01
4.220988423504024728e-02 2.405695431155280062e+00 -6.249774174134649085e-01 2.462507155582937535e-01
8.581472862037414773e-02 2.138104640165316095e+00 -5.203292489771081941e-01 2.622412640968793118e-01
6.050219816823960983e-02 3.020535252420384786e+00 -5.867315094886995652e-01 2.586539479859684687e-01
8.652114573736296999e-03 2.679700262591929505e+00 -4.686875328551798892e-01 2.688972834041609694e-01
1.157679600526239361e-01 2.806511391272137779e+00 -2.856230404695604408e-01 2.252963495314710962e-01
1.126802943511441418e-01 3.192583140013855569e+00 -2.722483747932575859e-01 1.534789495161728023e-01
7.164365254606759603e-02 2.379000298482387254e+00 -5.246062590509399381e-01 2.616833889094113963e-01
1.446723225005519531e-01 1.817288430882003869e+00 -3.751874699335339680e-01 2.812403365427320057e-01
8.653367101966685793e-02 2.113928289590733645e+00 -5.131226725882279682e-01 2.615512502942600737e-01
9.026934426625281283e-02 2.090152254383865760e+00 -5.268125041815704401e-01 2.629715908849487027e-01
8.534537142150444566e-02 2.139817783020523390e+00 -5.244401522908394009e-01 2.622703469801545006e-01
1.581583901534280301e-01 1.265562337622286648e+00 -3.956563974594169419e-01 2.756747252744309873e-01
9.064776675229077596e-02 2.107346594659702976e+00 -4.911972152654195400e-01 2.604648638562579444e-01
9.413727482750705589e-02 2.094312905029610317e+00 -5.332153008111560899e-01 2.629404501679969419e-01
9.540560639032377721e-02 1.878982994078304714e+00 -5.258627197201104497e-01 2.518381331367947062e-01
1.126792094258621257e-01 2.451364804670241426e+00 -5.662585487877863644e-01 2.490140132642067738e-01
6.098685806329835757e-02 2.303410745392366010e+00 -6.357220250340418488e-01 2.561649509636960698e-01
7.914593635488365031e-02 2.280952865007564778e+00 -5.679329954601630703e-01 2.668184438013905257e-01
8.108783219873526293e-02 2.203961551877112068e+00 -5.222508764713470475e-01 2.641471483133489562e-01
1.159438540481554231e-01 1.969018062777793787e+00 -3.712900800200148455e-01 2.705215030130211362e-01
9.482231527776258106e-02 1.941687538051537931e+00 -4.506752308940703555e-01 2.548867691315126471e-01
1.412714281937183236e-01 3.129142754334179433e+00 -1.528882052881689879e-01 1.828262420574338631e-01
7.120032903874287666e-02 2.436725041152116855e+00 -5.993892294162138645e-01 2.727385491306700271e-01
1.020188958116159811e-01 1.650631835869218467e+00 -4.981107269039715679e-01 2.514382423368370922e-01
8.319116721721003804e-02 2.167024346356866804e+00 -5.374890184346330368e-01 2.631721654563674573e-01
6.666649573662264405e-02 2.690790408570244985e+00 -5.547735227461783047e-01 2.747101222221152161e-01
7.076665890335699649e-02 2.341898824718940730e+00 -5.147213222032696045e-01 2.688405689185527359e-01
1.198565801483776061e-01 1.855531038241506891e+00 -2.693452021486554826e-01 2.466159478940283811e-01
4.028239443546981213e-02 3.213802269312972193e+00 -7.102122638205462524e-01 2.751507807056435828e-01
9.050472049022624532e-02 2.280539673235093989e+00 -5.338550676529717487e-01 2.574087762518330047e-01
8.882194092293183019e-02 2.018940928703964133e+00 -5.142167466758807981e-01 2.588332991273755157e-01
1.416252018391502276e-01 1.333248409636337506e+00 -5.615765548773622440e-01 2.452861775433047842e-01
5.908894478305942027e-02 2.867993238229819219e+00 -5.045287719375907143e-01 2.874434195742030518e-01
9.397639848774505533e-02 2.125026208814045692e+00 -5.229757642076440227e-01 2.665459789175609329e-01
6.136002167442329569e-02 2.621145563598503259e+00 -5.130872156002720397e-01 2.834967801802809051e-01
1.080800818126698565e-01 1.766049585537002198e+00 -5.414361572938566347e-01 2.533790999426728807e-01
9.997713778474513757e-02 1.900152655612588282e+00 -5.371481134571662874e-01 2.582469823547259846e-01
9.244554016562249454e-02 1.893920197870270883e+00 -5.040908899249467723e-01 2.554499730633412180e-01
4.760098387783567170e-02 2.513451339046484101e+00 -5.027160761145359480e-01 2.632284997736285548e-01
7.100679556535585690e-02 1.870068545702847196e+00 -6.281137704039176928e-01 2.809089673236236373e-01
1.115702516586175863e-01 2.041941078294764012e+00 -3.613082870233990107e-01 2.458643260118980323e-01
9.696109516535403317e-02 1.870292128918482844e+00 -4.332286890969391235e-01 2.549274697598504780e-01
6.231670415961328147e-02 2.285138977240528835e+00 -5.047186707265294281e-01 2.614468751846557026e-01
7.063097582884340919e-02 2.534347127392602594e+00 -6.062030366521140579e-01 2.743194842881802042e-01
5.648155390743379856e-02 3.085672420475676692e+00 -5.650638904459700518e-01 2.751258049241842030e-01
3.898126769399814368e-02 1.754512163355177012e+00 -8.113617795191838677e-01 2.877867964412058610e-01
5.772746585989136509e-02 3.067763850865770081e+00 -6.211257487959764845e-01 2.970815025519580876e-01
5.713311956739425268e-02 1.376158774542094232e+00 -4.724581636917827843e-01 3.384010546430802346e-01
1.498910288533273349e-01 9.220702469532968681e-01 -5.463417734186014618e-01 2.514276874235767401e-01
8.161174475870595912e-02 2.268327145889366125e+00 -5.347117844904505368e-01 2.658085780853174374e-01
9.885100825861538321e-02 2.420564146787183901e+00 -4.243369883108092377e-01 2.446914084871366635e-01
9.921424383970009475e-02 1.988451216468429372e+00 -5.299212842044807026e-01 2.638522302450730939e-01
7.307731124784674903e-02 2.056913143827641566e+00 -5.972488333039285280e-01 2.686069152572744256e-01
1.006542986006801615e-01 2.002915690489582179e+00 -4.168123084256101785e-01 2.566905427478407553e-01
1.084657427394512541e-01 1.966312591253742692e+00 -5.427792526101101744e-01 2.598981510923678573e-01
8.720055010344963942e-02 2.174361938944466832e+00 -5.282219486633770167e-01 2.613970244983042091e-01
7.169535403496503367e-02 2.252773946142541117e+00 -5.146240291841172043e-01 2.636305010223964906e-01
2.460854429201249360e-02 3.129916393313696421e+00 -4.913416608004656516e-01 2.837403526582698010e-01
9.352323391547957832e-02 1.855211929952718553e+00 -5.007494086821362433e-01 2.545482033519125831e-01
7.403649278861415550e-02 2.321889001570115241e+00 -5.734172555476924060e-01 2.625764276454869428e-01
4.789185345195427768e-02 2.510357007502751259e+00 -5.028698581272234014e-01 2.631399407859781325e-01
5.904047508310450443e-02 2.842050687549996457e+00 -6.560798707526558360e-01 2.569429338679415364e-01
1.703835805239689583e-02 3.019006687063459982e+00 -4.748659820798192821e-01 2.838595356579919349e-01
1.332135312354987000e-01 8.046901019634049579e-01 -5.061099836278926123e-01 2.377887454365749664e-01
9.585542761825691094e-02 1.819432453558630147e+00 -4.931942465335863446e-01 2.565253400786411953e-01
4.769756807679360194e-02 3.032546845325754248e+00 -7.122288833656617024e-01 2.890104676056188260e-01
1.186958036524005111e-01 1.480652408444512069e+00 -2.615086362726312674e-01 2.484849761607438590e-01
1.578166045652876770e-01 8.295699899619741746e-01 -5.480083226739272950e-01 2.529182622394958724e-01
7.415619353626708155e-02 1.750174884492370131e+00 -6.228897388072360819e-01 3.037575610428753792e-01
7.093196523814683518e-02 2.455314469482551942e+00 -6.277171672233875510e-01 2.727929035801986424e-01
4.961079810746932273e-02 3.100513216611627154e+00 -5.223755825401417141e-01 2.645972537348686981e-01
1.011415871122554877e-01 2.006134553457243008e+00 -4.379406000181876313e-01 2.610112178758268731e-01
3.017680734550555466e-02 3.151077413650749115e+00 -5.249862315812924285e-01 2.573854953585077432e-01
8.346053859240164241e-02 2.191259654573820104e+00 -5.249973149514108872e-01 2.642378908485498168e-01
6.795765818150684145e-02 2.521135591721180624e+00 -5.724449693050472909e-01 2.617372535631645736e-01
1.140866333242092634e-01 1.432533147894723413e+00 -3.716100848934793532e-01 2.427237987527475216e-01
8.580664836732460055e-02 2.136159232286173548e+00 -5.250168729652654465e-01 2.625515781140485005e-01
1.123292417823823219e-01 2.040185701016870468e+00 -3.716562254607381766e-01 2.575685883244884233e-01
1.085907970853806914e-01 1.995167353586871473e+00 -5.486289982679588562e-01 2.622741491339277142e-01
1.222098472431758509e-01 8.140514460654781903e-01 -4.127433104766152772e-01 2.240640095997188941e-01
4.621284343991634985e-02 3.075832592295222323e+00 -4.981277647567901590e-01 3.016462364529358675e-01
6.573663294469468676e-02 2.687800598032104471e+00 -5.500416761285348288e-01 2.721197509883900856e-01
1.201005424332751842e-01 1.826263974725436556e+00 -5.076559244644737179e-01 2.680759081306146041e-01
1.013819644897520633e-01 2.026779336878588911e+00 -4.271773211634971590e-01 2.563454359066995036e-01
1.316544026263161138e-01 1.478128429003550792e+00 -2.537117651349383718e-01 2.467803074603158453e-01
1.076002512114217213e-01 1.385554908351706249e+00 -4.751154585943856978e-01 2.408436051044798021e-01
7.012227965906504823e-02 2.011606631849932825e+00 -6.377344895685128634e-01 2.702333502539851495e-01
6.159140881500924092e-02 2.417685614581751352e+00 -5.169158293181105313e-01 2.606332112737431150e-01
2.459246559729420106e-02 3.129996116910236381e+00 -4.913371855025916446e-01 2.837439234049175529e-01
5.530655805642046424e-02 3.041778551940326647e+00 -6.547822414477975084e-01 2.758946487675743575e-01
3.737857260296482964e-02 1.763482274918956039e+00 -4.692759055011793690e-01 2.608437897018016649e-01
5.316895431862359023e-02 2.347446113180202687e+00 -4.938188250931389578e-01 2.631597234448551648e-01
1.379650323126865308e-01 1.297606891417831587e+00 -5.037479046139551331e-01 2.703249355029325729e-01
9.963512901735935290e-02 1.810001424837220263e+00 -4.126580100525911177e-01 2.533702869168392713e-01
6.305408496152251074e-02 2.964409356055684341e+00 -5.604141378889178071e-01 2.812611082926820272e-01
5.426417345132783510e-02 3.198577114142744815e+00 -6.174140652895132586e-01 2.684137219342019320e-01
8.102428193363765685e-02 2.178676751904073949e+00 -5.486552577630734451e-01 2.640384441737631538e-01
1.292678395306357808e-01 1.315875196394383551e+00 -5.529488038591421351e-01 2.452564573620212018e-01
1.080205756896961272e-01 1.523958731619719620e+00 -4.992462275303762853e-01 2.563090808324769987e-01
9.225801624609823726e-02 2.256317399271364987e+00 -5.396016809320735019e-01 2.621678918089015431e-01
1.304137093523168034e-01 6.606096483574641631e-01 -4.978053084214629220e-01 2.425259193866827756e-01
7.259788482710675950e-02 2.517834705504423454e+00 -5.621069035056130980e-01 2.693424004691554186e-01
6.158811815073740592e-02 2.428598359848422650e+00 -6.616772776394075350e-01 2.657794436292675866e-01
7.768161326378941745e-02 2.314561733729417092e+00 -5.566443273250143431e-01 2.648242011454738920e-01
1.219095889307477837e-01 3.503352746100475201e+00 -6.193010217446617283e-01 1.685347202725965277e-01
9.818333556074228252e-02 1.735056964269944269e+00 -5.104568195779091155e-01 2.526513194599432910e-01
7.280163105435373538e-02 2.460713830565690152e+00 -5.781559740951393023e-01 2.684290463125972304e-01
5.755023884889123864e-02 2.523611434403310039e+00 -6.795266544230329497e-01 2.656132564727579637e-01
4.987216537276488448e-02 2.390004648387811681e+00 -4.977063842150938333e-01 2.654360227082597223e-01
1.009585602352727207e-01 1.717031169523263845e+00 -5.071987370888487723e-01 2.582380374685720459e-01
5.799435135561672311e-02 1.210529246399621339e+00 -7.439869648136197000e-01 3.513662666811493973e-01
2.167804112968114982e-02 2.385606010705486835e+00 -5.407262714973549711e-01 2.291052556770201143e-01
4.839538365217462695e-02 2.564195351841802584e+00 -5.125290573373900704e-01 2.591543428206178890e-01
1.537727386220863190e-01 1.277592410119932298e+00 -5.706378149496225127e-01 2.580900051635218184e-01
6.983428773358631159e-02 2.652613619793038779e+00 -5.342155689959127152e-01 2.691422940270837838e-01
9.275311241734771062e-02 1.947782160712170585e+00 -5.256540745722821928e-01 2.544687679517093626e-01
5.411589791965860929e-02 2.523021930235354926e+00 -6.555167328645925551e-01 2.586982536943112088e-01
3.751693474392232830e-02 3.539865707304425513e+00 -7.638501887928109690e-01 3.072932382196058021e-01
9.838168743144791450e-02 2.001303755057607603e+00 -5.023363171213509615e-01 2.643876045611001091e-01
9.955238727108545183e-02 1.961889945438415328e+00 -5.147026046596103743e-01 2.673326883781450558e-01
7.469103372528844431e-02 2.321017288323181216e+00 -5.192883828672857360e-01 2.666181725194380348e-01
6.372495779809447813e-02 2.930015617998766864e+00 -5.976674811978058832e-01 2.683021505330395740e-01
3.551756430852737179e-02 2.335737105524529067e+00 -4.857954848267131975e-01 2.654525705494091281e-01
1.310546061839604759e-01 2.706052952275592727e+00 -5.936665511235575954e-01 2.093220308518110306e-01
1.286842654304321543e-01 1.462494042162194585e+00 -2.869530390472303516e-01 2.476511206042464885e-01
1.092937828483167007e-01 1.659484137706245255e+00 -3.578165827053712000e-01 2.424776531672111768e-01
6.647169693622714814e-02 2.186309094136408060e+00 -6.391250344467207523e-01 2.696072944001490224e-01
6.186623092345951147e-02 2.887008847859606764e+00 -6.060200168029580281e-01 2.672464873928313001e-01
9.328780854062676542e-02 2.372501031999475707e+00 -5.453655411785703899e-01 2.541776572527602585e-01
6.022197309483462435e-02 3.089564840966223969e+00 -5.389547745264445799e-01 2.830241184077751382e-01
9.079379423203395860e-02 2.156946864319502666e+00 -4.950962984761485552e-01 2.629756434882887794e-01
1.278308365788615175e-01 8.346743112500365491e-01 -3.349856793276768663e-01 2.236478087129687431e-01
8.522102429463895845e-02 2.143976096952987742e+00 -5.247530271055599327e-01 2.624399315864869298e-01
1.367305586302289822e-01 3.449503247394284600e+00 -6.505875966011558376e-01 2.158616481547729338e-01
1.300404361483820936e-01 8.091799402306758537e-01 -4.502223269845493370e-01 2.316597451979163225e-01
9.716969210525881750e-02 1.916107686150009703e+00 -4.376045998138685111e-01 2.581400734264479579e-01
5.802789946243533392e-02 2.684202001530508142e+00 -5.158907218186228327e-01 2.678245732335072238e-01
5.302611165027169837e-02 3.159029324748166001e+00 -5.686183103948928563e-01 2.756732769241603820e-01
6.214861022291076620e-02 2.140603355976403499e+00 -4.981209288763674969e-01 2.587847064819994158e-01
7.311576338186395740e-02 1.977424596685076752e+00 -6.140118430290327778e-01 2.656956968190785640e-01
4.684530953710844964e-02 2.999188495215685979e+00 -4.970858695000543448e-01 2.783291590794325643e-01
6.100406054970355929e-02 2.253139086108032263e+00 -5.050552107369543631e-01 2.644661435773806857e-01
8.241664728465220024e-02 2.147129607118489325e+00 -5.382618960956414567e-01 2.622466661394081688e-01
8.631807544538838695e-02 2.121741644828969431e+00 -5.152129990300272633e-01 2.615178652065978659e-01
6.245899655394013955e-02 2.688297344321326054e+00 -5.301807444888605447e-01 2.759955882538560057e-01
2.790955629706091956e-02 1.013609111215320047e+00 -3.878194217017887357e-01 2.579056042851927133e-01
1.068753203524846485e-01 1.666475146907004046e+00 -4.642404098800907986e-01 2.637504348595254289e-01
7.849665905262050158e-02 1.907699450483343551e+00 -5.841223135739330719e-01 2.875966136018429653e-01
7.763474396105510267e-02 2.384509889278891404e+00 -5.333186737996058469e-01 2.681239305265091799e-01
7.313425294727572690e-02 2.284026788225578475e+00 -5.454342950876661655e-01 2.607005452183081551e-01
7.125273263582880545e-02 2.400664362096905702e+00 -5.844667564309005137e-01 2.663025126614337323e-01
7.245225466137461545e-02 2.428505886335591946e+00 -5.597144966349999473e-01 2.616894279717951188e-01
1.088585401796551000e-01 1.999869172617888324e+00 -4.149063797474717985e-01 2.684102578832242014e-01
9.617708894881357717e-02 2.150077202105074470e+00 -4.556064700841201964e-01 2.593034466676314986e-01
1.509865381695602304e-01 7.454308791176849081e-01 -3.654217704045563675e-01 2.654058149299540759e-01
9.466224761803333776e-02 1.898315173584157911e+00 -5.258020290123742724e-01 2.525955599700697718e-01
3.248588817057705691e-02 2.981547395860387084e+00 -8.072769347607935408e-01 2.808688419125913716e-01
7.528320745247440993e-02 1.850180492268989729e+00 -5.046232696059549383e-01 2.869115966800033224e-01
6.766753947934146807e-02 2.523744496948239657e+00 -6.524496805755304329e-01 2.751561086417301794e-01
1.405520531843210408e-01 4.927923950307449008e-01 -4.952405868167099601e-01 2.400340541235767844e-01
4.543181763716754723e-02 1.328930164379197976e+00 -4.463243666871105630e-01 2.977824858764723803e-01
8.275632132535749863e-02 2.089262682910286717e+00 -5.424279291563945948e-01 2.684685460068891305e-01
1.525656278000373789e-01 2.341662308044486274e+00 -5.914215041714402377e-01 2.489969821724261345e-01
8.691615543598796290e-02 2.110761227944491836e+00 -5.147275276331552130e-01 2.611046483946927732e-01
1.275786496103006595e-01 1.848382547901521455e+00 -2.903077372032814019e-01 2.570825847635799799e-01
9.460832992320741819e-02 1.965214449928205598e+00 -4.563216315263942668e-01 2.590303074336039457e-01
8.742429995968430123e-02 2.143015838298614639e+00 -5.244383979949087671e-01 2.635985544041950512e-01
5.897983647774419913e-02 1.774266755463880463e+00 -7.287617164278010762e-01 2.693295085247551790e-01
6.887855680245262568e-02 2.403427924417745221e+00 -5.959928790082458239e-01 2.626528063149484171e-01
4.676139110433944618e-02 2.780394075820637134e+00 -5.028113969770463543e-01 2.703618351448968116e-01
9.706876972591509112e-02 1.778218016998417639e+00 -4.710155980509381779e-01 2.497000625042054833e-01
7.579986407255998038e-02 2.068168929454552440e+00 -5.944532361549944577e-01 2.675952380779735851e-01
8.778540650237752485e-02 2.054713678103348151e+00 -5.171360339617917523e-01 2.598518726092855502e-01
7.270060351044284330e-02 2.394810753151094929e+00 -5.182414818841523108e-01 2.724345734566274158e-01
7.039429254277347614e-02 2.242290564635380790e+00 -5.924394457852200091e-01 2.588642617953075820e-01
8.310453888946020551e-02 2.112879531222127572e+00 -5.388823856827642533e-01 2.649414404764952602e-01
6.592932488606426111e-02 2.687929739460940048e+00 -5.323323204478016546e-01 2.716719975013284216e-01
3.151457638995235760e-02 2.972523405705457922e+00 -4.868008677549660601e-01 2.677380638624067277e-01
9.175944905384077199e-02 2.074903493423883916e+00 -5.136543415292063042e-01 2.634715327813678121e-01
5.770572681265739162e-02 2.895885750835380357e+00 -5.037193094255970616e-01 2.885158135763102871e-01
1.483669478920613405e-01 7.465055502023900669e-01 -3.523216177749827205e-01 2.669127795680140136e-01
4.421235556091920177e-02 3.381948598555530872e+00 -6.425260937698931141e-01 2.682302446234925974e-01
1.060628663404955263e-01 1.962919130272689383e+00 -4.114922872124152642e-01 2.605435151875389876e-01
1.062114070206921779e-01 1.695065316936405608e+00 -5.164623435808268770e-01 2.641207157540933492e-01
2.343592069329122896e-02 2.786000636783440232e+00 -4.810450892482587282e-01 2.537626242305816571e-01
1.079680600267168278e-01 2.260865394951894647e+00 -3.677420401557689456e-01 2.561775265179737082e-01
8.161730289438293151e-02 2.122561283527364395e+00 -5.191171145099590101e-01 2.630198754000321326e-01
6.649370428991151216e-02 2.459058961990503445e+00 -6.209621116933810026e-01 2.686210348060835695e-01
1.201935321508574295e-01 1.629628174876457170e+00 -3.411048857128614609e-01 2.569749058247194351e-01
6.279521083162695194e-02 2.093828023240041247e+00 -4.974660316742481880e-01 2.586758456251939675e-01
8.866381536602389868e-02 2.024579515328950308e+00 -5.146480972560301126e-01 2.590125686573282460e-01
6.989197487711290568e-02 2.506080283845580681e+00 -6.415645456551413162e-01 2.717883227827106452e-01
5.139493620567519433e-02 2.579138077588886357e+00 -5.484151866792129626e-01 2.507861353780982960e-01
6.064708703458733530e-02 2.746611057489898755e+00 -6.161705003705160166e-01 2.601697998218026608e-01
6.469425506017925653e-02 2.682962293390190656e+00 -5.232886389775606162e-01 2.838190179201452445e-01
6.850423884368285476e-02 2.068211039484232128e+00 -6.363181945380234072e-01 2.672352077527174186e-01
3.344858165983826542e-02 3.299011430453677285e+00 -5.451889710143589252e-01 2.599663181390481914e-01
1.477217634187533712e-01 1.127023134963853757e+00 -5.641265220964145621e-01 2.516895023507005336e-01
5.183232480370876527e-02 2.449579569868657991e+00 -5.028188076058153211e-01 2.596788738652268669e-01
8.404112731395095570e-02 2.180595458912459428e+00 -5.260877925238571784e-01 2.632285783780335953e-01
1.025434432212241898e-01 2.070047031451918595e+00 -5.397030469111085971e-01 2.610772784899647592e-01
7.763502695910962093e-02 2.393255629796227968e+00 -5.294450451239675060e-01 2.657669436237480864e-01
9.616185713829614179e-02 2.559621395187788639e+00 -5.535191849615597182e-01 2.337606017724983554e-01
7.646621781144288810e-02 2.056726313252149829e+00 -5.124048957116869030e-01 2.668374057556622825e-01
1.135435317343744810e-01 1.248432255385863332e+00 -3.682813807155144170e-01 2.288809457342250164e-01
7.788400016766534872e-02 2.263948353182985151e+00 -5.195872349514423227e-01 2.648232762873214408e-01
5.046178421655723306e-02 3.009329216746012836e+00 -4.990974060714112315e-01 2.993300848319006557e-01
9.254849343339031920e-02 2.380373317109155007e+00 -5.406377817595643398e-01 2.438173912085879746e-01
7.229190817849882877e-02 2.423819049796606340e+00 -5.297057118423983413e-01 2.614283901896163331e-01
8.791796644518030945e-02 2.090153802173610131e+00 -5.093523633622852875e-01 2.603693601063492014e-01
4.671970740433560587e-02 2.999209631397350861e+00 -7.811630555391504416e-01 2.877196768920878278e-01
1.056677210096442082e-01 1.259375580349842760e+00 -5.078281939680656665e-01 2.511570523005737798e-01
1.292751799312637784e-01 3.256428808461454771e+00 -2.022312934644177052e-01 1.448449298714371003e-01
3.481759398766462454e-02 2.972947377721212092e+00 -4.881928577102643829e-01 2.694795032334340590e-01
1.355336705302851996e-01 2.397770958963302945e+00 -5.829915601710817796e-01 2.805616100217733222e-01
4.352111920998694150e-02 1.602182989934863411e+00 -4.584747649503824740e-01 3.106124473020613896e-01
8.535826810874350135e-02 2.140052446654404861e+00 -5.248610057548014352e-01 2.623189233794373521e-01
1.225103245070499891e-01 1.707029706709880079e+00 -5.388551003232828762e-01 2.602077218221613975e-01
8.693589120037263640e-02 2.138046911771368741e+00 -5.201691778274768474e-01 2.631831397696851593e-01
5.216421255532291412e-02 1.280433848732538848e+00 -4.654258351627035828e-01 3.462523872824604942e-01
4.213086884303087615e-02 3.034605251400833037e+00 -5.524639327840695779e-01 2.575208541728793432e-01
1.321122598823250283e-02 2.690858493979758403e+00 -4.696852023472937177e-01 2.687760503216198305e-01
6.250073472022558974e-02 1.974880851396756176e+00 -6.609722965591158239e-01 2.739579846758282700e-01
1.411896366294519423e-01 1.984301171843955602e+00 -1.681355900963672489e-01 2.423641109680862438e-01
1.025486077561034159e-01 2.689945734788817155e+00 -5.622551771903926410e-01 2.188821019756191921e-01
1.279913806616334027e-01 2.266587260446701446e+00 -3.028601801592077924e-01 2.641819981633354852e-01
8.616409068235776625e-02 2.127611077157558039e+00 -5.165878718266641023e-01 2.620912058475376449e-01
7.579410873477952781e-02 2.317957330543966687e+00 -5.649489726113420263e-01 2.650474947807447967e-01
3.656233798420061021e-02 3.092826874858128683e+00 -5.264695789296949258e-01 2.566416487785587730e-01
7.726648625253486335e-02 2.139100936371973738e+00 -5.161434042044218407e-01 2.635086338434130537e-01
9.568335396434725360e-02 1.821475026020107801e+00 -4.766970892517647940e-01 2.526390782709453942e-01
