1.047946487137718652e-01 5.689024438148029272e-01 -7.399205349077153659e-01 2.414745045526455469e-01
1.547933527110968988e-01 3.366214036048367664e+00 -4.585820857261230232e-01 3.007846935194347648e-01
9.244605411602957457e-02 1.983944676312123123e+00 -6.379862995722590524e-01 1.401063830070683469e-01
3.456990128409109103e-02 1.165187876725326976e+00 -5.978412000877748600e-01 2.428234942439985444e-01
7.540261502613011813e-02 6.836237400437130685e-01 -3.716102715836786530e-01 8.752325765758670051e-02
2.735945125917282894e-02 3.436753006598476823e+00 -7.634168645422811927e-01 1.656375333211243528e-01
1.575951019493790906e-01 3.377717553951059770e+00 -4.795960017056093982e-01 2.682541618098978065e-01
7.666772045937439439e-02 2.472831077311689274e+00 -7.598544352022323922e-01 2.658527591162173076e-01
1.454506040295383551e-02 3.324983515618719299e+00 -4.670546736603700122e-01 3.287107419021975674e-01
6.090119200763124963e-02 5.233368819536026173e-01 -1.465520282457174472e-01 2.282144590184865818e-01
6.875950193025261170e-02 1.107827697921087262e+00 -3.716706915926216714e-01 1.092229400968734443e-01
1.518556540143846667e-01 3.219867511164284046e+00 -5.459364163946250903e-01 1.776277606367782647e-01
1.574269800598058489e-01 2.147531053729436756e+00 -6.681335879829143343e-01 1.269503089858159128e-01
1.531625874745982663e-01 3.407798532742757569e+00 -7.388078838576443985e-01 3.788723028875367049e-01
6.168258664892148357e-02 1.836527542928201751e+00 -9.464993572958626533e-01 5.501964961191294079e-02
1.286324907846975174e-01 2.580160984883845376e+00 -3.018742409640608471e-01 2.144993487415151057e-01
4.112372266004054450e-02 3.742789980332077882e+00 -6.710460479677817780e-01 4.408262443679382692e-01
9.711687598456809900e-02 3.174801968532920959e+00 -4.133766520623886054e-01 3.764602162273140151e-01
1.581021981235250506e-01 2.403367293683607020e+00 -3.872995692411114188e-01 4.500694354510608175e-01
1.013871121502607636e-01 2.959200492080710010e+00 -3.454674283266306878e-01 3.617768107345236683e-01
1.317087253219467735e-01 1.790160910904364577e+00 -5.163867279083645956e-01 2.049763459576917635e-01
1.124275833568870453e-01 3.993816143061696078e+00 -8.645929589653353897e-01 1.306267384000112386e-01
1.150150746262854212e-01 2.869349465237760022e+00 -7.318283470416839798e-01 2.938932023581267150e-02
1.040208090537716040e-01 2.587577367233497849e+00 -4.519422145271490554e-01 3.772747879199549459e-01
8.883380030884403811e-02 1.629076522864096432e+00 -4.220582741026719376e-01 3.336191875713094279e-01
1.006116611605272632e-01 3.185579270298996235e+00 -2.792098640622514005e-01 4.657653260389069683e-01
1.240765215614687556e-01 2.400442860534993006e+00 -4.156503520399842388e-01 4.737667865304270309e-01
7.507846538366344524e-02 2.595752842720125741e+00 -6.629915795381263743e-01 2.072407078227555266e-01
6.739074397026557917e-02 3.082046917814448506e+00 -1.451232299678487658e-01 1.232316236779849861e-01
7.171933264583932321e-02 3.813456589332447244e+00 -7.585371700972315390e-01 1.527895718670823633e-01
8.027871647433881819e-02 3.710848378467283659e+00 -2.740713807823640380e-01 2.262271109545727632e-01
6.470670122754371145e-02 5.645426654883451967e-01 -3.854184638696960263e-01 1.231604504118628540e-01
1.299583742138537001e-01 2.153438998035624774e+00 -4.499755225059742791e-01 4.273952318685516616e-01
1.039482787943859093e-01 1.417568639672564634e+00 -4.226596087809050828e-01 5.009943461818905375e-01
1.447980298186448689e-01 1.703751460708711862e+00 -2.055957757315222678e-01 4.886961582395430437e-01
4.525576547914892528e-02 1.807903293529929512e+00 -4.401464372403324221e-01 6.078449499061047701e-02
2.033766231649378198e-02 9.358541232178703151e-01 -1.285123790394559484e-01 1.669139202021051871e-01
1.114983869254704274e-02 3.430411756322036432e+00 -3.487294446674432669e-01 4.548695000021985013e-01
1.034744410530443054e-01 7.795251148643014272e-01 -6.572720519925608906e-01 3.594348785021729831e-01
1.176631283705658615e-01 3.093342351843969773e+00 -5.721105640255518265e-01 3.458262711750098584e-02
1.492289575021324977e-01 8.445439801274297054e-01 -1.810522893518944909e-01 1.114295896366253591e-01
6.166607010423300061e-02 5.369204417035673416e-01 -6.374067849417602849e-01 1.187948181145197513e-01
6.347816189324805014e-02 1.318735922493510238e+00 -3.024036430623525673e-01 4.945643496126038707e-01
6.739731195914297479e-02 2.328473556915188869e+00 -5.616846701467180791e-01 3.921846502667568068e-01
1.487230136331365582e-01 1.469693515107172832e+00 -3.600557878193155759e-01 2.088179510489210355e-01
1.044742361568872929e-01 4.055131940757119580e-01 -6.599177975472918511e-01 1.749123364842256056e-01
1.135857266996367909e-01 1.393173117033507324e+00 -6.146657898111135276e-01 4.374382889062360391e-01
2.005630698483891472e-02 2.609652173236976402e+00 -8.147923182942693465e-01 1.740411442160978983e-01
1.260123912821791703e-01 4.029059472834259914e-01 -3.991194052882819365e-01 4.729769859292980994e-01
5.584931735819644028e-02 2.010603809269805975e+00 -2.906908936966760004e-01 3.708292662401316830e-01
8.917072023979510931e-02 1.197897743335535115e+00 -9.149178626045062490e-01 3.666306466854932222e-02
6.167447500245981651e-02 2.570819368452772480e+00 -2.624021885338441717e-01 7.082173214550549489e-02
1.076408376919843618e-01 3.499248215310885257e+00 -7.719799710955354000e-01 4.633611951203975288e-01
4.329039797044233195e-02 2.179701337528642036e+00 -3.311345689343093701e-01 8.958052091477683443e-02
1.276759078480808607e-01 1.689578484832487737e+00 -5.624219464213969788e-01 1.917807496941754675e-01
4.354969574243025554e-02 3.789155608234877626e+00 -4.961435005034183776e-01 2.798585496729849020e-01
1.077253881368127747e-01 5.129762111774889277e-01 -1.834370199322855610e-01 1.811184306391927512e-01
1.492772581747877914e-01 2.977040274890905280e+00 -4.680618449126457414e-01 3.086719501402895860e-01
1.595588128171261111e-01 1.557045527453898126e+00 -2.114870519549328920e-01 8.106625520084942416e-02
9.171309802358501573e-02 2.265201933134636469e+00 -4.155645731286409794e-01 1.356003466362537546e-01
1.321750606077613521e-01 3.032843345784678846e+00 -5.970618297034311350e-01 3.505326679281663971e-01
9.534938231776969586e-02 1.482870842569230074e+00 -5.015529231258379905e-01 3.449048787534085836e-01
8.398811264049477199e-02 3.658425508050813235e+00 -8.105922143993382623e-01 3.542965509897749721e-01
8.323178665252012332e-02 2.829263855999657462e-01 -2.052679445439071215e-01 1.127986375827711441e-01
2.108277038733266662e-02 1.025791474458582320e+00 -2.556630946087635192e-01 2.012427233939733384e-01
1.290885247412291714e-01 3.492056549264131782e+00 -3.411857456349175477e-01 2.349059642882508903e-01
7.212361062758412822e-02 3.705023739636045477e+00 -7.761666858276466963e-01 4.463620693904458148e-01
6.431638748979309761e-02 5.482894311673656151e-01 -3.504991900663796400e-01 3.243167561843174340e-01
1.474176205202740175e-01 2.963386834453159757e+00 -1.001799589678150082e-01 4.280599476550080995e-01
1.326544413928162081e-01 2.910750635973547773e+00 -4.757678457426113838e-01 6.399802650433231155e-02
6.327725800467709494e-02 3.227636521618441723e+00 -5.863759188026287372e-01 1.448702815576086711e-01
1.391838437298448528e-01 3.536592227591482729e+00 -3.867976217499099478e-01 2.720397181849923407e-01
1.373484922323209845e-01 1.549556858474625987e+00 -7.759374287052211994e-01 1.839141400313882013e-01
3.925467231044723476e-02 3.191356243560094619e+00 -4.373280148363353215e-01 2.114644781617616709e-01
1.939314707701933482e-02 8.116459600963903398e-01 -2.037452963432281328e-01 1.718709679803274437e-01
9.378637664851034728e-02 3.566547125741718283e+00 -3.091992903718040475e-01 2.561797890959298662e-01
9.763450770166880177e-02 1.719054703769165471e+00 -4.980569335069525150e-01 1.743882609156768571e-01
4.023215424558299752e-02 6.252978402814408643e-01 -2.040224984549658949e-01 2.338647169291532546e-01
2.285341888604597305e-02 2.904841640873082831e+00 -1.924260322815852797e-01 2.053175327468427513e-01
1.492138666625362764e-01 1.725704388734564887e+00 -7.227624466572077910e-01 4.983856102709788294e-01
4.676847101272710305e-02 1.045250772780753401e+00 -7.638740536653055857e-01 6.135307882135504487e-02
1.574536019153228439e-01 2.274836716499930134e+00 -7.681544640453801254e-01 4.053768914193280892e-01
7.034070460945732184e-02 2.825402394617737123e+00 -6.283143416541775439e-01 4.774377423670078668e-01
1.037471951750381233e-01 1.064466684970296173e+00 -1.286706908233931079e-01 1.802885045052597945e-01
7.417259907701920230e-02 3.976127749972078185e+00 -4.845239527014547631e-01 3.662723328099444786e-01
9.582811061852908319e-03 3.938402718324327978e+00 -1.360208019095371368e-01 2.447702828554709220e-01
1.069733117934303646e-01 2.670721690030527284e+00 -8.986183873052530080e-01 3.930420988923452041e-01
3.764660164470089859e-02 2.801041801488400207e+00 -7.966515338779800448e-01 7.898929589992079170e-02
1.168817142532665443e-01 3.861977677795925157e+00 -7.288380655992814372e-01 3.246592585651199570e-01
2.102653971454244985e-02 1.738892358978009423e+00 -3.732415747656336880e-01 9.202097787695209807e-02
1.409092367756921982e-01 3.049750700743762089e+00 -7.127207043908051487e-01 2.642640846810137001e-01
1.234039250579481578e-01 2.707054231845542613e+00 -3.124248951470974811e-01 1.285649599163141144e-01
6.752354623483453055e-02 2.894215844388187353e+00 -1.532887012227145962e-01 9.128349982659381134e-02
1.222276069887990035e-01 3.825280947627125006e+00 -5.825049657827093830e-01 1.332403761702798672e-01
8.200897950398561287e-02 2.646839759994846553e+00 -5.128303873145866332e-01 4.196621314488238608e-02
5.016735359840417130e-02 3.621812327237683871e+00 -2.838305986010025705e-01 4.213319328739579817e-01
1.331293187503726771e-01 2.656878957935573382e+00 -7.633013569203730420e-01 1.795962413035926131e-01
1.787523110412793381e-02 3.682758696804423693e+00 -6.056672841295560605e-01 4.958835676283013250e-01
1.455764554090928642e-01 3.780043734626323371e+00 -6.536167238035294202e-01 4.643039898597234316e-01
1.415194620839279604e-01 1.807113321728744060e+00 -5.396534823725325225e-01 2.755243830951913941e-01
